(-4.619535, 9, 3)
(-3.141247, 7, 3)
(-1.326532, 9, 0)
(-1.185394, 14, 1)
(-1.098362, 11, 0)
(-1.024671, 9, 2)
(-1.000595, 11, 2)
(-0.936434, 8, 2)
(-0.881936, 20, 12)
(-0.856542, 16, 4)
(-0.853704, 14, 3)
(-0.791697, 7, 2)
(-0.730814, 8, 3)
(-0.702564, 14, 2)
(-0.702247, 20, 0)
(-0.700429, 7, 0)
(-0.672333, 9, 1)
(-0.579259, 8, 1)
(-0.578607, 11, 1)
(-0.577724, 18, 13)
(-0.577724, 19, 13)
(-0.573819, 13, 0)
(-0.560486, 18, 14)
(-0.560486, 19, 14)
(-0.560223, 13, 2)
(-0.526092, 18, 11)
(-0.526092, 19, 11)
(-0.518264, 16, 0)
(-0.490195, 18, 4)
(-0.490195, 19, 4)
(-0.426462, 18, 3)
(-0.426462, 19, 3)
(-0.421037, 18, 12)
(-0.421037, 19, 12)
(-0.403177, 15, 13)
(-0.399736, 15, 11)
(-0.384126, 15, 3)
(-0.365451, 7, 5)
(-0.352363, 3, 2)
(-0.347764, 9, 5)
(-0.347764, 9, 6)
(-0.343913, 8, 0)
(-0.334889, 14, 0)
(-0.331295, 8, 5)
(-0.327876, 12, 4)
(-0.32581, 20, 1)
(-0.319606, 15, 14)
(-0.308462, 20, 2)
(-0.307308, 17, 0)
(-0.303528, 17, 2)
(-0.301862, 16, 2)
(-0.299496, 15, 4)
(-0.296371, 10, 7)
(-0.295554, 10, 9)
(-0.294756, 10, 8)
(-0.285635, 4, 2)
(-0.272626, 7, 1)
(-0.212904, 13, 5)
(-0.212904, 13, 6)
(-0.212904, 13, 10)
(-0.201235, 14, 5)
(-0.201235, 14, 6)
(-0.201235, 14, 10)
(0.0, 0, 0)
(0.0, 0, 1)
(0.0, 0, 2)
(0.0, 0, 3)
(0.0, 0, 4)
(0.0, 0, 5)
(0.0, 0, 6)
(0.0, 0, 7)
(0.0, 0, 8)
(0.0, 0, 9)
(0.0, 0, 10)
(0.0, 0, 11)
(0.0, 0, 12)
(0.0, 0, 13)
(0.0, 0, 14)
(0.0, 0, 15)
(0.0, 0, 16)
(0.0, 0, 17)
(0.0, 0, 18)
(0.0, 0, 19)
(0.0, 0, 20)
(0.0, 1, 1)
(0.0, 1, 2)
(0.0, 1, 3)
(0.0, 1, 4)
(0.0, 1, 5)
(0.0, 1, 6)
(0.0, 1, 7)
(0.0, 1, 8)
(0.0, 1, 9)
(0.0, 1, 10)
(0.0, 1, 11)
(0.0, 1, 12)
(0.0, 1, 13)
(0.0, 1, 14)
(0.0, 1, 15)
(0.0, 1, 16)
(0.0, 1, 17)
(0.0, 1, 18)
(0.0, 1, 19)
(0.0, 1, 20)
(0.0, 2, 2)
(0.0, 2, 3)
(0.0, 2, 4)
(0.0, 2, 5)
(0.0, 2, 6)
(0.0, 2, 7)
(0.0, 2, 8)
(0.0, 2, 9)
(0.0, 2, 10)
(0.0, 2, 11)
(0.0, 2, 12)
(0.0, 2, 13)
(0.0, 2, 14)
(0.0, 2, 15)
(0.0, 2, 16)
(0.0, 2, 17)
(0.0, 2, 18)
(0.0, 2, 19)
(0.0, 2, 20)
(0.0, 3, 3)
(0.0, 3, 4)
(0.0, 3, 5)
(0.0, 3, 6)
(0.0, 3, 7)
(0.0, 3, 8)
(0.0, 3, 9)
(0.0, 3, 10)
(0.0, 3, 11)
(0.0, 3, 12)
(0.0, 3, 13)
(0.0, 3, 14)
(0.0, 3, 15)
(0.0, 3, 16)
(0.0, 3, 17)
(0.0, 3, 18)
(0.0, 3, 19)
(0.0, 3, 20)
(0.0, 4, 4)
(0.0, 4, 5)
(0.0, 4, 6)
(0.0, 4, 7)
(0.0, 4, 8)
(0.0, 4, 9)
(0.0, 4, 10)
(0.0, 4, 11)
(0.0, 4, 12)
(0.0, 4, 13)
(0.0, 4, 14)
(0.0, 4, 15)
(0.0, 4, 16)
(0.0, 4, 17)
(0.0, 4, 18)
(0.0, 4, 19)
(0.0, 4, 20)
(0.0, 5, 5)
(0.0, 5, 6)
(0.0, 5, 7)
(0.0, 5, 8)
(0.0, 5, 9)
(0.0, 5, 10)
(0.0, 5, 11)
(0.0, 5, 12)
(0.0, 5, 13)
(0.0, 5, 14)
(0.0, 5, 15)
(0.0, 5, 16)
(0.0, 5, 17)
(0.0, 5, 18)
(0.0, 5, 19)
(0.0, 5, 20)
(0.0, 6, 6)
(0.0, 6, 7)
(0.0, 6, 8)
(0.0, 6, 9)
(0.0, 6, 10)
(0.0, 6, 11)
(0.0, 6, 12)
(0.0, 6, 13)
(0.0, 6, 14)
(0.0, 6, 15)
(0.0, 6, 16)
(0.0, 6, 17)
(0.0, 6, 18)
(0.0, 6, 19)
(0.0, 6, 20)
(0.0, 7, 7)
(0.0, 7, 8)
(0.0, 7, 9)
(0.0, 7, 10)
(0.0, 7, 11)
(0.0, 7, 12)
(0.0, 7, 13)
(0.0, 7, 14)
(0.0, 7, 15)
(0.0, 7, 16)
(0.0, 7, 17)
(0.0, 7, 18)
(0.0, 7, 19)
(0.0, 7, 20)
(0.0, 8, 8)
(0.0, 8, 9)
(0.0, 8, 10)
(0.0, 8, 11)
(0.0, 8, 12)
(0.0, 8, 13)
(0.0, 8, 14)
(0.0, 8, 15)
(0.0, 8, 16)
(0.0, 8, 17)
(0.0, 8, 18)
(0.0, 8, 19)
(0.0, 8, 20)
(0.0, 9, 9)
(0.0, 9, 10)
(0.0, 9, 11)
(0.0, 9, 12)
(0.0, 9, 13)
(0.0, 9, 14)
(0.0, 9, 15)
(0.0, 9, 16)
(0.0, 9, 17)
(0.0, 9, 18)
(0.0, 9, 19)
(0.0, 9, 20)
(0.0, 10, 10)
(0.0, 10, 11)
(0.0, 10, 12)
(0.0, 10, 13)
(0.0, 10, 14)
(0.0, 10, 15)
(0.0, 10, 16)
(0.0, 10, 17)
(0.0, 10, 18)
(0.0, 10, 19)
(0.0, 10, 20)
(0.0, 11, 11)
(0.0, 11, 12)
(0.0, 11, 13)
(0.0, 11, 14)
(0.0, 11, 15)
(0.0, 11, 16)
(0.0, 11, 17)
(0.0, 11, 18)
(0.0, 11, 19)
(0.0, 11, 20)
(0.0, 12, 12)
(0.0, 12, 13)
(0.0, 12, 14)
(0.0, 12, 15)
(0.0, 12, 16)
(0.0, 12, 17)
(0.0, 12, 18)
(0.0, 12, 19)
(0.0, 12, 20)
(0.0, 13, 13)
(0.0, 13, 14)
(0.0, 13, 15)
(0.0, 13, 16)
(0.0, 13, 17)
(0.0, 13, 18)
(0.0, 13, 19)
(0.0, 13, 20)
(0.0, 14, 14)
(0.0, 14, 15)
(0.0, 14, 16)
(0.0, 14, 17)
(0.0, 14, 18)
(0.0, 14, 19)
(0.0, 14, 20)
(0.0, 15, 15)
(0.0, 15, 16)
(0.0, 15, 17)
(0.0, 15, 18)
(0.0, 15, 19)
(0.0, 15, 20)
(0.0, 16, 16)
(0.0, 16, 17)
(0.0, 16, 18)
(0.0, 16, 19)
(0.0, 16, 20)
(0.0, 17, 17)
(0.0, 17, 18)
(0.0, 17, 19)
(0.0, 17, 20)
(0.0, 18, 18)
(0.0, 18, 19)
(0.0, 18, 20)
(0.0, 19, 19)
(0.0, 19, 20)
(0.0, 20, 20)
(0.138068, 17, 5)
(0.138068, 17, 6)
(0.138068, 17, 10)
(0.152329, 11, 5)
(0.152329, 11, 6)
(0.152329, 11, 10)
(0.171665, 20, 5)
(0.171665, 20, 6)
(0.171665, 20, 10)
(0.238507, 12, 5)
(0.238507, 12, 6)
(0.238507, 12, 10)
(0.244942, 7, 6)
(0.24986, 16, 5)
(0.24986, 16, 6)
(0.24986, 16, 10)
(0.26335, 13, 1)
(0.265495, 18, 1)
(0.265495, 19, 1)
(0.267856, 20, 15)
(0.270046, 17, 1)
(0.272737, 8, 6)
(0.290548, 5, 4)
(0.290548, 6, 4)
(0.290548, 10, 4)
(0.29369, 15, 2)
(0.29369, 18, 2)
(0.29369, 19, 2)
(0.294694, 20, 16)
(0.29596, 5, 3)
(0.29596, 10, 3)
(0.299689, 18, 0)
(0.299689, 19, 0)
(0.31754, 5, 1)
(0.31754, 6, 1)
(0.31754, 10, 1)
(0.330271, 5, 2)
(0.330271, 6, 2)
(0.330271, 10, 2)
(0.331134, 6, 3)
(0.333606, 5, 0)
(0.333606, 10, 0)
(0.349059, 15, 9)
(0.357824, 11, 3)
(0.373611, 15, 5)
(0.373611, 15, 10)
(0.373611, 18, 5)
(0.373611, 18, 6)
(0.373611, 18, 10)
(0.373611, 19, 5)
(0.373611, 19, 6)
(0.373611, 19, 10)
(0.389732, 6, 5)
(0.389732, 10, 6)
(0.413822, 15, 1)
(0.422121, 15, 7)
(0.433206, 17, 16)
(0.439575, 15, 8)
(0.439575, 18, 8)
(0.439575, 19, 8)
(0.447773, 16, 15)
(0.450954, 4, 0)
(0.464812, 6, 0)
(0.467503, 18, 7)
(0.467503, 19, 7)
(0.476049, 18, 9)
(0.476049, 19, 9)
(0.495101, 12, 0)
(0.512326, 15, 12)
(0.525028, 3, 1)
(0.539998, 1, 0)
(0.553886, 12, 2)
(0.576156, 17, 3)
(0.582009, 15, 0)
(0.592724, 2, 0)
(0.614571, 18, 17)
(0.614571, 19, 17)
(0.631928, 16, 1)
(0.648087, 18, 15)
(0.648087, 19, 15)
(0.679021, 20, 3)
(0.679527, 4, 1)
(0.687012, 3, 0)
(0.696657, 17, 12)
(0.766309, 17, 15)
(0.842532, 15, 6)
(0.849488, 16, 14)
(0.866853, 10, 5)
(0.901943, 2, 1)
(0.911046, 12, 3)
(0.928412, 18, 16)
(0.928412, 19, 16)
(0.932749, 4, 3)
(0.94009, 16, 11)
(1.021993, 13, 3)
(1.490797, 12, 1)
(1.53637, 16, 9)
(1.754929, 16, 3)
(1.82849, 12, 11)
(2.0429, 16, 7)
(2.359895, 12, 9)
(3.155226, 12, 7)
(3.272052, 16, 13)
(3.63311, 16, 8)
(3.895968, 14, 12)
(4.130124, 20, 18)
(4.130124, 20, 19)
(5.852578, 12, 8)
(6.836554, 19, 18)
(9.74715, 13, 12)
(10.569446, 11, 9)
(10.792406, 20, 8)
(11.331046, 20, 7)
(11.652414, 11, 7)
(12.320277, 20, 9)
(12.395053, 20, 11)
(13.283931, 11, 8)
(13.715344, 17, 7)
(13.796181, 17, 11)
(14.445312, 17, 8)
(15.270513, 20, 14)
(15.278085, 16, 12)
(15.600801, 17, 9)
(15.728891, 20, 13)
(16.667807, 17, 14)
(17.508287, 13, 9)
(18.09419, 11, 4)
(18.714929, 13, 7)
(18.905696, 14, 8)
(18.939938, 14, 7)
(20.714912, 14, 9)
(20.966779, 17, 13)
(22.128646, 13, 8)
(24.613102, 14, 4)
(24.881708, 7, 4)
(25.707873, 8, 4)
(28.560621, 14, 11)
(29.481428, 9, 4)
(31.678686, 8, 7)
(32.245031, 14, 13)
(33.040514, 13, 4)
(33.549383, 20, 17)
(36.157573, 20, 4)
(36.528451, 13, 11)
(39.358336, 9, 8)
(40.103928, 17, 4)
(44.725317, 9, 7)
