0.000000	0.000000	0.000000	0.000000	0.000000	0.000000	0.000000	0.000000	0.000000	0.000000	0.000000	0.000000	0.000000	0.000000	0.000000	0.000000	0.000000	0.000000	0.000000	0.000000	0.000000	0.000000
0.539998	0.000000	0.000000	0.000000	0.000000	0.000000	0.000000	0.000000	0.000000	0.000000	0.000000	0.000000	0.000000	0.000000	0.000000	0.000000	0.000000	0.000000	0.000000	0.000000	0.000000	0.000000
0.592724	0.901943	0.000000	0.000000	0.000000	0.000000	0.000000	0.000000	0.000000	0.000000	0.000000	0.000000	0.000000	0.000000	0.000000	0.000000	0.000000	0.000000	0.000000	0.000000	0.000000	0.000000
0.687012	0.525028	-0.352363	0.000000	0.000000	0.000000	0.000000	0.000000	0.000000	0.000000	0.000000	0.000000	0.000000	0.000000	0.000000	0.000000	0.000000	0.000000	0.000000	0.000000	0.000000	0.000000
0.450954	0.679527	-0.285635	0.932749	0.000000	0.000000	0.000000	0.000000	0.000000	0.000000	0.000000	0.000000	0.000000	0.000000	0.000000	0.000000	0.000000	0.000000	0.000000	0.000000	0.000000	0.000000
0.333606	0.317540	0.330271	0.295960	0.290548	0.000000	0.000000	0.000000	0.000000	0.000000	0.000000	0.000000	0.000000	0.000000	0.000000	0.000000	0.000000	0.000000	0.000000	0.000000	0.000000	0.000000
0.464812	0.317540	0.330271	0.331134	0.290548	0.389732	0.000000	0.000000	0.000000	0.000000	0.000000	0.000000	0.000000	0.000000	0.000000	0.000000	0.000000	0.000000	0.000000	0.000000	0.000000	0.000000
-0.700429	-0.272626	-0.791697	-3.141247	24.881708	-0.365451	0.244942	0.000000	0.000000	0.000000	0.000000	0.000000	0.000000	0.000000	0.000000	0.000000	0.000000	0.000000	0.000000	0.000000	0.000000	0.000000
-0.343913	-0.579259	-0.936434	-0.730814	25.707873	-0.331295	0.272737	31.678686	0.000000	0.000000	0.000000	0.000000	0.000000	0.000000	0.000000	0.000000	0.000000	0.000000	0.000000	0.000000	0.000000	0.000000
0.333606	0.317540	0.330271	0.331134	0.290548	0.389732	0.389732	0.305739	-0.294756	0.000000	0.000000	0.000000	0.000000	0.000000	0.000000	0.000000	0.000000	0.000000	0.000000	0.000000	0.000000	0.000000
-1.326532	-0.672333	-1.024671	-4.619535	29.481428	-0.347764	-0.347764	44.725317	39.358336	0.258840	0.000000	0.000000	0.000000	0.000000	0.000000	0.000000	0.000000	0.000000	0.000000	0.000000	0.000000	0.000000
0.333606	0.317540	0.330271	0.295960	0.290548	0.866853	0.389732	-0.296371	-0.294756	0.389732	-0.295554	0.000000	0.000000	0.000000	0.000000	0.000000	0.000000	0.000000	0.000000	0.000000	0.000000	0.000000
-1.098362	-0.578607	-1.000595	0.357824	18.094190	0.152329	0.152329	11.652414	13.283931	0.472513	10.569446	0.152329	0.000000	0.000000	0.000000	0.000000	0.000000	0.000000	0.000000	0.000000	0.000000	0.000000
0.495101	1.490797	0.553886	0.911046	-0.327876	0.238507	0.238507	3.155226	5.852578	0.238507	2.359895	0.238507	1.828490	0.000000	0.000000	0.000000	0.000000	0.000000	0.000000	0.000000	0.000000	0.000000
-0.573819	0.263350	-0.560223	1.021993	33.040514	-0.212904	-0.212904	18.714929	22.128646	-0.212904	17.508287	-0.212904	36.528451	9.747150	0.000000	0.000000	0.000000	0.000000	0.000000	0.000000	0.000000	0.000000
-0.334889	-1.185394	-0.702564	-0.853704	24.613102	-0.201235	-0.201235	18.939938	18.905696	0.430821	20.714912	-0.201235	28.560621	3.895968	32.245031	0.000000	0.000000	0.000000	0.000000	0.000000	0.000000	0.000000
0.582009	0.413822	0.293690	-0.384126	-0.299496	0.373611	0.842532	0.422121	0.439575	0.373611	0.349059	0.373611	-0.399736	0.512326	-0.403177	-0.319606	0.000000	0.000000	0.000000	0.000000	0.000000	0.000000
-0.518264	0.631928	-0.301862	1.754929	-0.856542	0.249860	0.249860	2.042900	3.633110	0.249860	1.536370	0.249860	0.940090	15.278085	3.272052	0.849488	0.447773	0.000000	0.000000	0.000000	0.000000	0.000000
-0.307308	0.270046	-0.303528	0.576156	40.103928	0.138068	0.138068	13.715344	14.445312	0.444718	15.600801	0.138068	13.796181	0.696657	20.966779	16.667807	0.766309	0.433206	0.000000	0.000000	0.000000	0.000000
0.299689	0.265495	0.293690	-0.426462	-0.490195	0.373611	0.373611	0.467503	0.439575	0.373611	0.476049	0.373611	-0.526092	-0.421037	-0.577724	-0.560486	0.648087	0.928412	0.614571	0.000000	0.000000	0.000000
0.299689	0.265495	0.293690	-0.426462	-0.490195	0.373611	0.373611	0.467503	0.439575	0.373611	0.476049	0.373611	-0.526092	-0.421037	-0.577724	-0.560486	0.648087	0.928412	0.614571	6.836554	0.000000	0.000000
-0.702247	-0.325810	-0.308462	0.679021	36.157573	0.171665	0.171665	11.331046	10.792406	0.508994	12.320277	0.171665	12.395053	-0.881936	15.728891	15.270513	0.267856	0.294694	33.549383	4.130124	4.130124	0.000000
