0.000000	0.000000	0.000000	0.000000	0.000000	0.000000	0.000000	0.000000	0.000000	0.000000	0.000000	0.000000	0.000000	0.000000	0.000000	0.000000	0.000000	0.000000	0.000000	0.000000	0.000000	0.000000	0.000000	0.000000	0.000000	0.000000	0.000000	0.000000	0.000000	0.000000	0.000000	0.000000
0.854640	0.000000	0.000000	0.000000	0.000000	0.000000	0.000000	0.000000	0.000000	0.000000	0.000000	0.000000	0.000000	0.000000	0.000000	0.000000	0.000000	0.000000	0.000000	0.000000	0.000000	0.000000	0.000000	0.000000	0.000000	0.000000	0.000000	0.000000	0.000000	0.000000	0.000000	0.000000
0.795339	2.000455	0.000000	0.000000	0.000000	0.000000	0.000000	0.000000	0.000000	0.000000	0.000000	0.000000	0.000000	0.000000	0.000000	0.000000	0.000000	0.000000	0.000000	0.000000	0.000000	0.000000	0.000000	0.000000	0.000000	0.000000	0.000000	0.000000	0.000000	0.000000	0.000000	0.000000
0.484878	1.219575	5.560717	0.000000	0.000000	0.000000	0.000000	0.000000	0.000000	0.000000	0.000000	0.000000	0.000000	0.000000	0.000000	0.000000	0.000000	0.000000	0.000000	0.000000	0.000000	0.000000	0.000000	0.000000	0.000000	0.000000	0.000000	0.000000	0.000000	0.000000	0.000000	0.000000
0.456971	1.149384	5.240676	31.371491	0.000000	0.000000	0.000000	0.000000	0.000000	0.000000	0.000000	0.000000	0.000000	0.000000	0.000000	0.000000	0.000000	0.000000	0.000000	0.000000	0.000000	0.000000	0.000000	0.000000	0.000000	0.000000	0.000000	0.000000	0.000000	0.000000	0.000000	0.000000
0.006977	0.017548	0.080010	-0.160607	-0.139408	0.000000	0.000000	0.000000	0.000000	0.000000	0.000000	0.000000	0.000000	0.000000	0.000000	0.000000	0.000000	0.000000	0.000000	0.000000	0.000000	0.000000	0.000000	0.000000	0.000000	0.000000	0.000000	0.000000	0.000000	0.000000	0.000000	0.000000
0.477901	1.202028	4.327829	25.570929	28.765079	-0.154682	0.000000	0.000000	0.000000	0.000000	0.000000	0.000000	0.000000	0.000000	0.000000	0.000000	0.000000	0.000000	0.000000	0.000000	0.000000	0.000000	0.000000	0.000000	0.000000	0.000000	0.000000	0.000000	0.000000	0.000000	0.000000	0.000000
0.364935	0.316812	-0.277393	0.676488	0.645067	0.245333	0.668314	0.000000	0.000000	0.000000	0.000000	0.000000	0.000000	0.000000	0.000000	0.000000	0.000000	0.000000	0.000000	0.000000	0.000000	0.000000	0.000000	0.000000	0.000000	0.000000	0.000000	0.000000	0.000000	0.000000	0.000000	0.000000
0.200198	-0.395321	1.305988	11.854756	13.197530	-0.200198	13.652141	0.676386	0.000000	0.000000	0.000000	0.000000	0.000000	0.000000	0.000000	0.000000	0.000000	0.000000	0.000000	0.000000	0.000000	0.000000	0.000000	0.000000	0.000000	0.000000	0.000000	0.000000	0.000000	0.000000	0.000000	0.000000
0.390306	0.354318	0.322832	0.302681	0.301733	0.227013	0.302442	0.333107	0.305449	0.000000	0.000000	0.000000	0.000000	0.000000	0.000000	0.000000	0.000000	0.000000	0.000000	0.000000	0.000000	0.000000	0.000000	0.000000	0.000000	0.000000	0.000000	0.000000	0.000000	0.000000	0.000000	0.000000
0.387984	0.350837	0.315731	0.283398	0.281240	0.228615	0.282862	0.327856	0.289246	0.431684	0.000000	0.000000	0.000000	0.000000	0.000000	0.000000	0.000000	0.000000	0.000000	0.000000	0.000000	0.000000	0.000000	0.000000	0.000000	0.000000	0.000000	0.000000	0.000000	0.000000	0.000000	0.000000
0.003488	0.008774	0.040005	0.254925	0.280669	2.096910	0.261219	0.021363	0.191114	0.001741	0.003488	0.000000	0.000000	0.000000	0.000000	0.000000	0.000000	0.000000	0.000000	0.000000	0.000000	0.000000	0.000000	0.000000	0.000000	0.000000	0.000000	0.000000	0.000000	0.000000	0.000000	0.000000
0.551156	1.386280	2.351576	12.486538	15.059991	0.442795	15.672577	0.921000	12.701929	0.275025	0.194328	0.328692	0.000000	0.000000	0.000000	0.000000	0.000000	0.000000	0.000000	0.000000	0.000000	0.000000	0.000000	0.000000	0.000000	0.000000	0.000000	0.000000	0.000000	0.000000	0.000000	0.000000
0.006977	0.017548	0.080010	-0.160607	-0.139408	1.797621	0.522439	0.042726	-0.232648	0.003481	0.006977	2.097779	-0.221432	0.000000	0.000000	0.000000	0.000000	0.000000	0.000000	0.000000	0.000000	0.000000	0.000000	0.000000	0.000000	0.000000	0.000000	0.000000	0.000000	0.000000	0.000000	0.000000
0.143021	0.359731	0.540158	-11.330773	-11.554090	0.551933	-9.832836	0.389139	-9.186846	0.071367	0.143021	0.819481	-8.751741	1.369410	0.000000	0.000000	0.000000	0.000000	0.000000	0.000000	0.000000	0.000000	0.000000	0.000000	0.000000	0.000000	0.000000	0.000000	0.000000	0.000000	0.000000	0.000000
0.851152	0.553644	0.371827	0.389968	0.379909	0.235147	0.387388	0.307284	0.366417	0.424721	0.378726	0.204870	0.417333	0.235147	0.338173	0.000000	0.000000	0.000000	0.000000	0.000000	0.000000	0.000000	0.000000	0.000000	0.000000	0.000000	0.000000	0.000000	0.000000	0.000000	0.000000	0.000000
0.003488	0.008774	0.040005	0.254925	0.280669	2.096910	0.261219	0.021363	0.191114	0.001741	0.003488	2.397940	0.199283	2.096910	0.785156	0.010550	0.000000	0.000000	0.000000	0.000000	0.000000	0.000000	0.000000	0.000000	0.000000	0.000000	0.000000	0.000000	0.000000	0.000000	0.000000	0.000000
0.390306	0.354318	0.322832	0.302681	0.301733	0.227013	0.302442	0.333107	0.305449	0.433425	0.390306	0.199707	0.305050	0.227013	0.287962	0.349083	0.199707	0.000000	0.000000	0.000000	0.000000	0.000000	0.000000	0.000000	0.000000	0.000000	0.000000	0.000000	0.000000	0.000000	0.000000	0.000000
0.003488	0.008774	0.040005	0.254925	0.280669	2.096910	0.261219	0.021363	0.191114	0.001741	0.003488	2.397940	0.199283	2.096910	0.785156	0.010550	2.397940	0.001741	0.000000	0.000000	0.000000	0.000000	0.000000	0.000000	0.000000	0.000000	0.000000	0.000000	0.000000	0.000000	0.000000	0.000000
0.547667	1.377506	-0.658180	10.117324	12.445649	0.446264	12.925357	0.636774	10.631251	0.273284	0.192383	0.330670	14.954635	-0.192383	-7.597082	0.567693	0.330670	0.273284	0.330670	0.000000	0.000000	0.000000	0.000000	0.000000	0.000000	0.000000	0.000000	0.000000	0.000000	0.000000	0.000000	0.000000
0.204137	0.794010	-0.724275	10.062716	12.434549	0.425940	12.819555	0.981427	10.847371	0.283728	0.204137	0.319050	14.409308	-0.204137	-8.910240	-0.451295	0.319050	0.283728	0.319050	21.696875	0.000000	0.000000	0.000000	0.000000	0.000000	0.000000	0.000000	0.000000	0.000000	0.000000	0.000000	0.000000
0.840687	0.539944	0.348512	0.552505	0.532254	0.240181	0.547253	0.292310	0.547975	0.419499	0.371816	0.208048	0.357292	0.240181	0.371429	1.702097	0.208048	0.419499	0.208048	0.535486	0.367294	0.000000	0.000000	0.000000	0.000000	0.000000	0.000000	0.000000	0.000000	0.000000	0.000000	0.000000
0.353534	0.300347	-0.311916	-0.352508	0.549996	0.254194	0.579191	0.254309	0.494267	0.405574	0.353534	0.216833	0.547394	0.254194	0.326244	0.290731	0.216833	0.405574	0.216833	0.695128	0.737706	0.269561	0.000000	0.000000	0.000000	0.000000	0.000000	0.000000	0.000000	0.000000	0.000000	0.000000
0.328754	0.265455	1.151751	1.418065	1.419744	0.274970	1.385888	0.301415	1.707353	0.386427	0.328754	0.229697	1.639352	0.274970	0.461056	0.253429	0.229697	0.386427	0.229697	0.884556	0.967055	-0.260848	-0.354525	0.000000	0.000000	0.000000	0.000000	0.000000	0.000000	0.000000	0.000000	0.000000
0.371816	0.326868	0.268518	-0.429063	-0.444336	0.240181	-0.432802	0.292310	-0.337487	0.419499	0.840687	0.208048	-0.395487	0.240181	0.371429	0.319315	0.208048	0.419499	0.208048	-0.397188	-0.387053	0.303331	0.278855	-0.276102	0.000000	0.000000	0.000000	0.000000	0.000000	0.000000	0.000000	0.000000
0.360365	0.310181	-0.290804	-0.572061	-0.601521	0.248836	-0.579221	0.268229	-0.436925	0.410796	0.823245	0.213485	-0.509359	0.248836	0.432457	0.301309	0.213485	0.410796	0.213485	-0.512462	-0.494092	0.281990	0.250983	-0.315414	3.757820	0.000000	0.000000	0.000000	0.000000	0.000000	0.000000	0.000000
0.344474	0.287444	0.862771	-0.394386	-0.375540	0.261539	-0.349890	-0.265936	0.350275	0.398612	0.798827	0.221402	0.288308	0.261539	0.446378	0.276895	0.221402	0.398612	0.221402	-0.632588	-0.600023	0.253430	-0.307742	0.856955	3.646359	5.731413	0.000000	0.000000	0.000000	0.000000	0.000000	0.000000
0.540691	0.740524	0.552100	7.048654	8.998516	0.453304	9.334916	0.274201	9.216325	0.269803	0.540691	0.334678	12.491932	-0.188508	-5.326152	0.953000	0.334678	0.269803	0.334678	10.290129	11.027121	2.468060	1.037553	4.840148	2.468060	3.879341	5.906202	0.000000	0.000000	0.000000	0.000000	0.000000
0.467436	1.175706	2.166939	15.335974	17.900314	0.536389	19.328510	0.648726	17.260349	0.233249	0.467436	0.381382	19.325450	-0.149238	-8.988402	0.427699	0.381382	0.233249	0.381382	15.600325	18.847717	1.355226	1.339067	3.289849	2.133677	3.353753	3.982540	20.331234	0.000000	0.000000	0.000000	0.000000
0.666271	0.330020	0.544107	1.444295	2.250862	0.344665	2.347847	3.053799	1.712514	0.332466	0.666271	0.271716	1.156148	0.344665	-0.352087	1.259460	0.271716	0.332466	0.271716	1.253046	1.196763	3.041287	2.046886	0.467111	3.041287	4.780349	6.010434	4.222304	4.207120	0.000000	0.000000	0.000000
0.362786	0.912488	3.117761	19.009380	21.410268	0.693561	23.595044	2.221757	18.108783	0.181029	0.362786	0.467411	20.725424	0.246972	-6.760095	0.546089	0.467411	0.181029	0.467411	16.412398	17.566131	1.655988	0.803928	4.215306	1.655988	2.602913	3.962871	21.591264	28.166862	12.158291	0.000000	0.000000
0.378726	0.337055	0.288217	-0.357059	0.434487	0.235147	0.442912	0.307284	0.483679	0.424721	0.378726	0.204870	0.477788	0.235147	0.338173	0.330341	0.204870	0.424721	0.204870	0.475885	0.487768	0.316506	1.034568	0.280329	0.316506	0.302443	0.289704	0.472165	0.438632	0.565716	0.401817	0.000000
