(-11.55409, 11, 1)
(-11.330773, 11, 0)
(-9.832836, 11, 3)
(-9.186846, 11, 5)
(-8.988402, 25, 11)
(-8.91024, 17, 11)
(-8.751741, 11, 9)
(-7.597082, 16, 11)
(-6.760095, 27, 11)
(-5.326152, 24, 11)
(-0.632588, 23, 16)
(-0.601521, 22, 1)
(-0.600023, 23, 17)
(-0.579221, 22, 3)
(-0.572061, 22, 0)
(-0.512462, 22, 16)
(-0.509359, 22, 9)
(-0.494092, 22, 17)
(-0.451295, 17, 12)
(-0.444336, 21, 1)
(-0.436925, 22, 5)
(-0.432802, 21, 3)
(-0.429063, 21, 0)
(-0.397188, 21, 16)
(-0.395487, 21, 9)
(-0.394386, 23, 0)
(-0.387053, 21, 17)
(-0.37554, 23, 1)
(-0.354525, 20, 19)
(-0.352508, 19, 0)
(-0.352087, 26, 11)
(-0.34989, 23, 3)
(-0.337487, 21, 5)
(-0.315414, 22, 20)
(-0.307742, 23, 19)
(-0.276102, 21, 20)
(-0.265936, 23, 4)
(-0.260848, 20, 18)
(-0.232648, 10, 5)
(-0.221432, 10, 9)
(-0.204137, 17, 10)
(-0.200198, 5, 2)
(-0.192383, 16, 10)
(-0.188508, 24, 10)
(-0.160607, 2, 0)
(-0.160607, 10, 0)
(-0.154682, 3, 2)
(-0.149238, 25, 10)
(-0.139408, 2, 1)
(-0.139408, 10, 1)
(0.0, 0, 0)
(0.0, 0, 1)
(0.0, 0, 2)
(0.0, 0, 3)
(0.0, 0, 4)
(0.0, 0, 5)
(0.0, 0, 6)
(0.0, 0, 7)
(0.0, 0, 8)
(0.0, 0, 9)
(0.0, 0, 10)
(0.0, 0, 11)
(0.0, 0, 12)
(0.0, 0, 13)
(0.0, 0, 14)
(0.0, 0, 15)
(0.0, 0, 16)
(0.0, 0, 17)
(0.0, 0, 18)
(0.0, 0, 19)
(0.0, 0, 20)
(0.0, 0, 21)
(0.0, 0, 22)
(0.0, 0, 23)
(0.0, 0, 24)
(0.0, 0, 25)
(0.0, 0, 26)
(0.0, 0, 27)
(0.0, 1, 1)
(0.0, 1, 2)
(0.0, 1, 3)
(0.0, 1, 4)
(0.0, 1, 5)
(0.0, 1, 6)
(0.0, 1, 7)
(0.0, 1, 8)
(0.0, 1, 9)
(0.0, 1, 10)
(0.0, 1, 11)
(0.0, 1, 12)
(0.0, 1, 13)
(0.0, 1, 14)
(0.0, 1, 15)
(0.0, 1, 16)
(0.0, 1, 17)
(0.0, 1, 18)
(0.0, 1, 19)
(0.0, 1, 20)
(0.0, 1, 21)
(0.0, 1, 22)
(0.0, 1, 23)
(0.0, 1, 24)
(0.0, 1, 25)
(0.0, 1, 26)
(0.0, 1, 27)
(0.0, 2, 2)
(0.0, 2, 3)
(0.0, 2, 4)
(0.0, 2, 5)
(0.0, 2, 6)
(0.0, 2, 7)
(0.0, 2, 8)
(0.0, 2, 9)
(0.0, 2, 10)
(0.0, 2, 11)
(0.0, 2, 12)
(0.0, 2, 13)
(0.0, 2, 14)
(0.0, 2, 15)
(0.0, 2, 16)
(0.0, 2, 17)
(0.0, 2, 18)
(0.0, 2, 19)
(0.0, 2, 20)
(0.0, 2, 21)
(0.0, 2, 22)
(0.0, 2, 23)
(0.0, 2, 24)
(0.0, 2, 25)
(0.0, 2, 26)
(0.0, 2, 27)
(0.0, 3, 3)
(0.0, 3, 4)
(0.0, 3, 5)
(0.0, 3, 6)
(0.0, 3, 7)
(0.0, 3, 8)
(0.0, 3, 9)
(0.0, 3, 10)
(0.0, 3, 11)
(0.0, 3, 12)
(0.0, 3, 13)
(0.0, 3, 14)
(0.0, 3, 15)
(0.0, 3, 16)
(0.0, 3, 17)
(0.0, 3, 18)
(0.0, 3, 19)
(0.0, 3, 20)
(0.0, 3, 21)
(0.0, 3, 22)
(0.0, 3, 23)
(0.0, 3, 24)
(0.0, 3, 25)
(0.0, 3, 26)
(0.0, 3, 27)
(0.0, 4, 4)
(0.0, 4, 5)
(0.0, 4, 6)
(0.0, 4, 7)
(0.0, 4, 8)
(0.0, 4, 9)
(0.0, 4, 10)
(0.0, 4, 11)
(0.0, 4, 12)
(0.0, 4, 13)
(0.0, 4, 14)
(0.0, 4, 15)
(0.0, 4, 16)
(0.0, 4, 17)
(0.0, 4, 18)
(0.0, 4, 19)
(0.0, 4, 20)
(0.0, 4, 21)
(0.0, 4, 22)
(0.0, 4, 23)
(0.0, 4, 24)
(0.0, 4, 25)
(0.0, 4, 26)
(0.0, 4, 27)
(0.0, 5, 5)
(0.0, 5, 6)
(0.0, 5, 7)
(0.0, 5, 8)
(0.0, 5, 9)
(0.0, 5, 10)
(0.0, 5, 11)
(0.0, 5, 12)
(0.0, 5, 13)
(0.0, 5, 14)
(0.0, 5, 15)
(0.0, 5, 16)
(0.0, 5, 17)
(0.0, 5, 18)
(0.0, 5, 19)
(0.0, 5, 20)
(0.0, 5, 21)
(0.0, 5, 22)
(0.0, 5, 23)
(0.0, 5, 24)
(0.0, 5, 25)
(0.0, 5, 26)
(0.0, 5, 27)
(0.0, 6, 6)
(0.0, 6, 7)
(0.0, 6, 8)
(0.0, 6, 9)
(0.0, 6, 10)
(0.0, 6, 11)
(0.0, 6, 12)
(0.0, 6, 13)
(0.0, 6, 14)
(0.0, 6, 15)
(0.0, 6, 16)
(0.0, 6, 17)
(0.0, 6, 18)
(0.0, 6, 19)
(0.0, 6, 20)
(0.0, 6, 21)
(0.0, 6, 22)
(0.0, 6, 23)
(0.0, 6, 24)
(0.0, 6, 25)
(0.0, 6, 26)
(0.0, 6, 27)
(0.0, 7, 7)
(0.0, 7, 8)
(0.0, 7, 9)
(0.0, 7, 10)
(0.0, 7, 11)
(0.0, 7, 12)
(0.0, 7, 13)
(0.0, 7, 14)
(0.0, 7, 15)
(0.0, 7, 16)
(0.0, 7, 17)
(0.0, 7, 18)
(0.0, 7, 19)
(0.0, 7, 20)
(0.0, 7, 21)
(0.0, 7, 22)
(0.0, 7, 23)
(0.0, 7, 24)
(0.0, 7, 25)
(0.0, 7, 26)
(0.0, 7, 27)
(0.0, 8, 8)
(0.0, 8, 9)
(0.0, 8, 10)
(0.0, 8, 11)
(0.0, 8, 12)
(0.0, 8, 13)
(0.0, 8, 14)
(0.0, 8, 15)
(0.0, 8, 16)
(0.0, 8, 17)
(0.0, 8, 18)
(0.0, 8, 19)
(0.0, 8, 20)
(0.0, 8, 21)
(0.0, 8, 22)
(0.0, 8, 23)
(0.0, 8, 24)
(0.0, 8, 25)
(0.0, 8, 26)
(0.0, 8, 27)
(0.0, 9, 9)
(0.0, 9, 10)
(0.0, 9, 11)
(0.0, 9, 12)
(0.0, 9, 13)
(0.0, 9, 14)
(0.0, 9, 15)
(0.0, 9, 16)
(0.0, 9, 17)
(0.0, 9, 18)
(0.0, 9, 19)
(0.0, 9, 20)
(0.0, 9, 21)
(0.0, 9, 22)
(0.0, 9, 23)
(0.0, 9, 24)
(0.0, 9, 25)
(0.0, 9, 26)
(0.0, 9, 27)
(0.0, 10, 10)
(0.0, 10, 11)
(0.0, 10, 12)
(0.0, 10, 13)
(0.0, 10, 14)
(0.0, 10, 15)
(0.0, 10, 16)
(0.0, 10, 17)
(0.0, 10, 18)
(0.0, 10, 19)
(0.0, 10, 20)
(0.0, 10, 21)
(0.0, 10, 22)
(0.0, 10, 23)
(0.0, 10, 24)
(0.0, 10, 25)
(0.0, 10, 26)
(0.0, 10, 27)
(0.0, 11, 11)
(0.0, 11, 12)
(0.0, 11, 13)
(0.0, 11, 14)
(0.0, 11, 15)
(0.0, 11, 16)
(0.0, 11, 17)
(0.0, 11, 18)
(0.0, 11, 19)
(0.0, 11, 20)
(0.0, 11, 21)
(0.0, 11, 22)
(0.0, 11, 23)
(0.0, 11, 24)
(0.0, 11, 25)
(0.0, 11, 26)
(0.0, 11, 27)
(0.0, 12, 12)
(0.0, 12, 13)
(0.0, 12, 14)
(0.0, 12, 15)
(0.0, 12, 16)
(0.0, 12, 17)
(0.0, 12, 18)
(0.0, 12, 19)
(0.0, 12, 20)
(0.0, 12, 21)
(0.0, 12, 22)
(0.0, 12, 23)
(0.0, 12, 24)
(0.0, 12, 25)
(0.0, 12, 26)
(0.0, 12, 27)
(0.0, 13, 13)
(0.0, 13, 14)
(0.0, 13, 15)
(0.0, 13, 16)
(0.0, 13, 17)
(0.0, 13, 18)
(0.0, 13, 19)
(0.0, 13, 20)
(0.0, 13, 21)
(0.0, 13, 22)
(0.0, 13, 23)
(0.0, 13, 24)
(0.0, 13, 25)
(0.0, 13, 26)
(0.0, 13, 27)
(0.0, 14, 14)
(0.0, 14, 15)
(0.0, 14, 16)
(0.0, 14, 17)
(0.0, 14, 18)
(0.0, 14, 19)
(0.0, 14, 20)
(0.0, 14, 21)
(0.0, 14, 22)
(0.0, 14, 23)
(0.0, 14, 24)
(0.0, 14, 25)
(0.0, 14, 26)
(0.0, 14, 27)
(0.0, 15, 15)
(0.0, 15, 16)
(0.0, 15, 17)
(0.0, 15, 18)
(0.0, 15, 19)
(0.0, 15, 20)
(0.0, 15, 21)
(0.0, 15, 22)
(0.0, 15, 23)
(0.0, 15, 24)
(0.0, 15, 25)
(0.0, 15, 26)
(0.0, 15, 27)
(0.0, 16, 16)
(0.0, 16, 17)
(0.0, 16, 18)
(0.0, 16, 19)
(0.0, 16, 20)
(0.0, 16, 21)
(0.0, 16, 22)
(0.0, 16, 23)
(0.0, 16, 24)
(0.0, 16, 25)
(0.0, 16, 26)
(0.0, 16, 27)
(0.0, 17, 17)
(0.0, 17, 18)
(0.0, 17, 19)
(0.0, 17, 20)
(0.0, 17, 21)
(0.0, 17, 22)
(0.0, 17, 23)
(0.0, 17, 24)
(0.0, 17, 25)
(0.0, 17, 26)
(0.0, 17, 27)
(0.0, 18, 18)
(0.0, 18, 19)
(0.0, 18, 20)
(0.0, 18, 21)
(0.0, 18, 22)
(0.0, 18, 23)
(0.0, 18, 24)
(0.0, 18, 25)
(0.0, 18, 26)
(0.0, 18, 27)
(0.0, 19, 19)
(0.0, 19, 20)
(0.0, 19, 21)
(0.0, 19, 22)
(0.0, 19, 23)
(0.0, 19, 24)
(0.0, 19, 25)
(0.0, 19, 26)
(0.0, 19, 27)
(0.0, 20, 20)
(0.0, 20, 21)
(0.0, 20, 22)
(0.0, 20, 23)
(0.0, 20, 24)
(0.0, 20, 25)
(0.0, 20, 26)
(0.0, 20, 27)
(0.0, 21, 21)
(0.0, 21, 22)
(0.0, 21, 23)
(0.0, 21, 24)
(0.0, 21, 25)
(0.0, 21, 26)
(0.0, 21, 27)
(0.0, 22, 22)
(0.0, 22, 23)
(0.0, 22, 24)
(0.0, 22, 25)
(0.0, 22, 26)
(0.0, 22, 27)
(0.0, 23, 23)
(0.0, 23, 24)
(0.0, 23, 25)
(0.0, 23, 26)
(0.0, 23, 27)
(0.0, 24, 24)
(0.0, 24, 25)
(0.0, 24, 26)
(0.0, 24, 27)
(0.0, 25, 25)
(0.0, 25, 26)
(0.0, 25, 27)
(0.0, 26, 26)
(0.0, 26, 27)
(0.0, 27, 27)
(0.001741, 8, 6)
(0.001741, 13, 6)
(0.001741, 15, 6)
(0.001741, 15, 14)
(0.003481, 10, 6)
(0.003488, 8, 7)
(0.003488, 13, 7)
(0.003488, 15, 7)
(0.006977, 10, 7)
(0.01055, 13, 12)
(0.01055, 15, 12)
(0.021363, 8, 4)
(0.021363, 13, 4)
(0.021363, 15, 4)
(0.042726, 10, 4)
(0.071367, 11, 6)
(0.143021, 11, 7)
(0.181029, 27, 6)
(0.181029, 27, 14)
(0.191114, 8, 5)
(0.191114, 13, 5)
(0.191114, 15, 5)
(0.192383, 16, 7)
(0.194328, 9, 7)
(0.199283, 13, 9)
(0.199283, 15, 9)
(0.199707, 14, 8)
(0.199707, 14, 13)
(0.204137, 17, 7)
(0.20487, 12, 8)
(0.208048, 18, 8)
(0.208048, 18, 13)
(0.208048, 18, 15)
(0.208048, 21, 8)
(0.208048, 21, 13)
(0.208048, 21, 15)
(0.213485, 22, 8)
(0.213485, 22, 13)
(0.213485, 22, 15)
(0.216833, 19, 8)
(0.216833, 19, 13)
(0.216833, 19, 15)
(0.221402, 23, 8)
(0.221402, 23, 13)
(0.221402, 23, 15)
(0.227013, 6, 2)
(0.227013, 14, 2)
(0.227013, 14, 10)
(0.228615, 7, 2)
(0.229697, 20, 8)
(0.229697, 20, 13)
(0.229697, 20, 15)
(0.233249, 25, 6)
(0.233249, 25, 14)
(0.235147, 12, 2)
(0.235147, 12, 10)
(0.240181, 18, 2)
(0.240181, 18, 10)
(0.240181, 21, 2)
(0.240181, 21, 10)
(0.245333, 4, 2)
(0.246972, 27, 10)
(0.248836, 22, 2)
(0.248836, 22, 10)
(0.250983, 22, 19)
(0.253429, 20, 12)
(0.25343, 23, 18)
(0.254194, 19, 2)
(0.254194, 19, 10)
(0.254309, 19, 4)
(0.254925, 8, 0)
(0.254925, 13, 0)
(0.254925, 15, 0)
(0.261219, 8, 3)
(0.261219, 13, 3)
(0.261219, 15, 3)
(0.261539, 23, 2)
(0.261539, 23, 10)
(0.268229, 22, 4)
(0.269561, 19, 18)
(0.269803, 24, 6)
(0.269803, 24, 14)
(0.271716, 26, 8)
(0.271716, 26, 13)
(0.271716, 26, 15)
(0.273284, 16, 6)
(0.273284, 16, 14)
(0.274201, 24, 4)
(0.27497, 20, 2)
(0.27497, 20, 10)
(0.275025, 9, 6)
(0.276895, 23, 12)
(0.278855, 21, 19)
(0.280669, 8, 1)
(0.280669, 13, 1)
(0.280669, 15, 1)
(0.28124, 7, 1)
(0.28199, 22, 18)
(0.282862, 7, 3)
(0.283398, 7, 0)
(0.283728, 17, 6)
(0.283728, 17, 14)
(0.287962, 14, 11)
(0.288308, 23, 9)
(0.289246, 7, 5)
(0.290731, 19, 12)
(0.29231, 18, 4)
(0.29231, 21, 4)
(0.301309, 22, 12)
(0.301415, 20, 4)
(0.301733, 6, 1)
(0.301733, 14, 1)
(0.302442, 6, 3)
(0.302442, 14, 3)
(0.302681, 6, 0)
(0.302681, 14, 0)
(0.303331, 21, 18)
(0.30505, 14, 9)
(0.305449, 6, 5)
(0.305449, 14, 5)
(0.307284, 12, 4)
(0.31905, 17, 8)
(0.31905, 17, 13)
(0.31905, 17, 15)
(0.319315, 21, 12)
(0.326244, 19, 11)
(0.327856, 7, 4)
(0.328692, 9, 8)
(0.328754, 20, 7)
(0.33067, 16, 8)
(0.33067, 16, 13)
(0.33067, 16, 15)
(0.332466, 26, 6)
(0.332466, 26, 14)
(0.333107, 6, 4)
(0.333107, 14, 4)
(0.334678, 24, 8)
(0.334678, 24, 13)
(0.334678, 24, 15)
(0.338173, 12, 11)
(0.344665, 26, 2)
(0.344665, 26, 10)
(0.349083, 14, 12)
(0.350275, 23, 5)
(0.353534, 19, 7)
(0.357292, 18, 9)
(0.362786, 27, 7)
(0.366417, 12, 5)
(0.367294, 18, 17)
(0.371429, 18, 11)
(0.371429, 21, 11)
(0.371816, 18, 7)
(0.378726, 12, 7)
(0.379909, 12, 1)
(0.381382, 25, 8)
(0.381382, 25, 13)
(0.381382, 25, 15)
(0.386427, 20, 6)
(0.386427, 20, 14)
(0.387388, 12, 3)
(0.389139, 11, 4)
(0.389968, 12, 0)
(0.390306, 14, 7)
(0.398612, 23, 6)
(0.398612, 23, 14)
(0.405574, 19, 6)
(0.405574, 19, 14)
(0.410796, 22, 6)
(0.410796, 22, 14)
(0.417333, 12, 9)
(0.419499, 18, 6)
(0.419499, 18, 14)
(0.419499, 21, 6)
(0.419499, 21, 14)
(0.424721, 12, 6)
(0.42594, 17, 2)
(0.427699, 25, 12)
(0.431684, 7, 6)
(0.432457, 22, 11)
(0.433425, 14, 6)
(0.442795, 9, 2)
(0.446264, 16, 2)
(0.446378, 23, 11)
(0.453304, 24, 2)
(0.461056, 20, 11)
(0.467111, 26, 20)
(0.467411, 27, 8)
(0.467411, 27, 13)
(0.467411, 27, 15)
(0.467436, 25, 7)
(0.494267, 19, 5)
(0.522439, 10, 3)
(0.532254, 18, 1)
(0.535486, 18, 16)
(0.536389, 25, 2)
(0.540691, 24, 7)
(0.546089, 27, 12)
(0.547253, 18, 3)
(0.547394, 19, 9)
(0.547975, 18, 5)
(0.549996, 19, 1)
(0.551933, 11, 2)
(0.552505, 18, 0)
(0.567693, 16, 12)
(0.579191, 19, 3)
(0.636774, 16, 4)
(0.645067, 4, 1)
(0.648726, 25, 4)
(0.666271, 26, 7)
(0.668314, 4, 3)
(0.676386, 5, 4)
(0.676488, 4, 0)
(0.693561, 27, 2)
(0.695128, 19, 16)
(0.737706, 19, 17)
(0.785156, 13, 11)
(0.785156, 15, 11)
(0.798827, 23, 7)
(0.803928, 27, 19)
(0.819481, 11, 8)
(0.823245, 22, 7)
(0.840687, 21, 7)
(0.856955, 23, 20)
(0.884556, 20, 16)
(0.921, 9, 4)
(0.953, 24, 12)
(0.967055, 20, 17)
(0.981427, 17, 4)
(1.037553, 24, 19)
(1.156148, 26, 9)
(1.196763, 26, 17)
(1.253046, 26, 16)
(1.25946, 26, 12)
(1.339067, 25, 19)
(1.355226, 25, 18)
(1.36941, 11, 10)
(1.385888, 20, 3)
(1.418065, 20, 0)
(1.419744, 20, 1)
(1.444295, 26, 0)
(1.639352, 20, 9)
(1.655988, 27, 18)
(1.655988, 27, 21)
(1.702097, 18, 12)
(1.707353, 20, 5)
(1.712514, 26, 5)
(1.797621, 10, 2)
(2.046886, 26, 19)
(2.09691, 8, 2)
(2.09691, 13, 2)
(2.09691, 13, 10)
(2.09691, 15, 2)
(2.09691, 15, 10)
(2.097779, 10, 8)
(2.133677, 25, 21)
(2.221757, 27, 4)
(2.250862, 26, 1)
(2.347847, 26, 3)
(2.39794, 13, 8)
(2.39794, 15, 8)
(2.39794, 15, 13)
(2.46806, 24, 18)
(2.46806, 24, 21)
(2.602913, 27, 22)
(3.041287, 26, 18)
(3.041287, 26, 21)
(3.053799, 26, 4)
(3.289849, 25, 20)
(3.353753, 25, 22)
(3.646359, 23, 21)
(3.75782, 22, 21)
(3.879341, 24, 22)
(3.962871, 27, 23)
(3.98254, 25, 23)
(4.20712, 26, 25)
(4.215306, 27, 20)
(4.222304, 26, 24)
(4.780349, 26, 22)
(4.840148, 24, 20)
(5.731413, 23, 22)
(5.906202, 24, 23)
(6.010434, 26, 23)
(7.048654, 24, 0)
(8.998516, 24, 1)
(9.216325, 24, 5)
(9.334916, 24, 3)
(10.062716, 17, 0)
(10.117324, 16, 0)
(10.290129, 24, 16)
(10.631251, 16, 5)
(10.847371, 17, 5)
(11.027121, 24, 17)
(11.854756, 5, 0)
(12.158291, 27, 26)
(12.434549, 17, 1)
(12.445649, 16, 1)
(12.486538, 9, 0)
(12.491932, 24, 9)
(12.701929, 9, 5)
(12.819555, 17, 3)
(12.925357, 16, 3)
(13.19753, 5, 1)
(13.652141, 5, 3)
(14.409308, 17, 9)
(14.954635, 16, 9)
(15.059991, 9, 1)
(15.335974, 25, 0)
(15.600325, 25, 16)
(15.672577, 9, 3)
(16.412398, 27, 16)
(17.260349, 25, 5)
(17.566131, 27, 17)
(17.900314, 25, 1)
(18.108783, 27, 5)
(18.847717, 25, 17)
(19.00938, 27, 0)
(19.32545, 25, 9)
(19.32851, 25, 3)
(20.331234, 25, 24)
(20.725424, 27, 9)
(21.410268, 27, 1)
(21.591264, 27, 24)
(21.696875, 17, 16)
(23.595044, 27, 3)
(25.570929, 3, 0)
(28.166862, 27, 25)
(28.765079, 3, 1)
(31.371491, 1, 0)
