(-42.790651, 50, 15)
(-40.32851, 31, 15)
(-38.753653, 48, 15)
(-31.986704, 49, 15)
(-28.013626, 33, 15)
(-26.325755, 28, 15)
(-26.051406, 26, 15)
(-25.981516, 51, 15)
(-25.735822, 20, 15)
(-25.449198, 45, 15)
(-23.392, 44, 15)
(-21.572937, 25, 15)
(-21.522091, 52, 15)
(-19.936359, 27, 12)
(-19.92358, 15, 6)
(-18.040453, 39, 14)
(-17.45586, 15, 0)
(-15.2631, 26, 16)
(-14.542647, 46, 39)
(-13.898458, 28, 16)
(-13.474956, 51, 16)
(-12.924072, 48, 16)
(-12.855165, 20, 16)
(-12.732673, 15, 11)
(-12.564963, 31, 16)
(-12.118182, 44, 16)
(-11.722227, 15, 10)
(-11.432789, 33, 16)
(-11.321455, 25, 16)
(-11.019376, 50, 16)
(-10.282287, 15, 1)
(-10.268017, 42, 15)
(-9.717253, 39, 6)
(-9.452295, 15, 8)
(-9.004825, 27, 23)
(-8.808545, 52, 16)
(-8.734582, 15, 4)
(-8.653522, 16, 1)
(-8.080071, 49, 16)
(-7.91178, 45, 39)
(-7.03462, 15, 14)
(-7.019759, 45, 22)
(-6.778484, 16, 10)
(-6.578354, 46, 15)
(-6.55703, 39, 28)
(-6.243626, 45, 16)
(-5.853381, 47, 36)
(-5.846496, 35, 27)
(-5.789822, 16, 6)
(-5.556754, 16, 0)
(-5.097116, 39, 33)
(-4.368539, 18, 15)
(-4.298884, 28, 22)
(-4.13082, 34, 5)
(-4.11953, 22, 6)
(-4.030828, 16, 11)
(-3.866456, 48, 39)
(-3.729344, 39, 31)
(-3.677362, 49, 39)
(-3.605992, 36, 15)
(-3.420873, 16, 14)
(-3.360882, 39, 8)
(-3.146459, 50, 39)
(-2.863706, 47, 14)
(-2.805695, 39, 0)
(-2.779999, 39, 11)
(-2.773927, 35, 15)
(-2.76702, 22, 14)
(-2.766789, 42, 16)
(-2.733905, 27, 18)
(-2.677347, 23, 14)
(-2.566949, 15, 2)
(-2.480266, 15, 9)
(-2.315623, 22, 9)
(-2.235245, 43, 35)
(-2.161629, 36, 23)
(-2.147939, 46, 16)
(-1.960714, 43, 14)
(-1.930462, 49, 5)
(-1.912823, 24, 13)
(-1.912823, 24, 19)
(-1.905003, 39, 10)
(-1.905003, 39, 20)
(-1.862353, 14, 12)
(-1.831445, 52, 39)
(-1.825094, 45, 17)
(-1.82113, 51, 39)
(-1.808135, 39, 26)
(-1.758552, 35, 16)
(-1.737638, 39, 25)
(-1.717874, 47, 42)
(-1.680189, 39, 1)
(-1.628755, 42, 27)
(-1.602077, 49, 41)
(-1.580843, 43, 18)
(-1.541589, 23, 16)
(-1.53077, 35, 22)
(-1.516099, 46, 12)
(-1.506095, 34, 13)
(-1.506095, 34, 19)
(-1.505961, 39, 35)
(-1.493337, 28, 17)
(-1.447676, 49, 22)
(-1.403693, 46, 43)
(-1.375717, 16, 8)
(-1.355358, 46, 23)
(-1.346855, 43, 36)
(-1.322131, 16, 12)
(-1.314236, 44, 39)
(-1.306784, 35, 17)
(-1.289424, 18, 16)
(-1.254895, 12, 8)
(-1.145585, 48, 22)
(-1.083153, 15, 12)
(-1.052362, 45, 41)
(-1.042815, 15, 3)
(-1.02942, 25, 22)
(-1.018239, 16, 4)
(-1.002421, 24, 5)
(-0.973559, 22, 7)
(-0.964909, 39, 27)
(-0.953352, 47, 13)
(-0.953352, 47, 19)
(-0.946206, 29, 13)
(-0.946206, 29, 19)
(-0.944119, 17, 6)
(-0.935011, 11, 5)
(-0.926294, 21, 13)
(-0.926294, 21, 19)
(-0.892787, 23, 9)
(-0.889202, 35, 8)
(-0.877917, 36, 35)
(-0.864052, 46, 42)
(-0.828328, 23, 15)
(-0.824787, 37, 13)
(-0.824787, 37, 19)
(-0.819488, 44, 13)
(-0.819488, 44, 19)
(-0.786135, 47, 25)
(-0.784918, 52, 13)
(-0.775519, 36, 16)
(-0.735885, 23, 7)
(-0.726904, 20, 13)
(-0.726904, 20, 19)
(-0.723354, 29, 5)
(-0.712164, 26, 13)
(-0.712164, 26, 19)
(-0.70985, 22, 3)
(-0.708914, 47, 6)
(-0.692746, 47, 45)
(-0.690842, 21, 5)
(-0.679558, 34, 17)
(-0.674354, 33, 22)
(-0.66127, 5, 3)
(-0.661166, 50, 22)
(-0.651789, 43, 13)
(-0.651789, 43, 19)
(-0.643409, 41, 34)
(-0.640927, 18, 14)
(-0.638173, 36, 12)
(-0.632989, 43, 6)
(-0.619233, 16, 7)
(-0.608058, 49, 13)
(-0.604256, 41, 3)
(-0.60373, 43, 8)
(-0.600351, 31, 13)
(-0.600351, 31, 19)
(-0.596546, 48, 13)
(-0.58341, 45, 5)
(-0.582342, 47, 39)
(-0.575684, 17, 15)
(-0.574385, 33, 13)
(-0.574385, 33, 19)
(-0.556194, 22, 12)
(-0.547272, 47, 8)
(-0.542837, 17, 3)
(-0.539339, 36, 5)
(-0.532553, 37, 5)
(-0.530077, 22, 4)
(-0.489449, 27, 6)
(-0.47273, 28, 13)
(-0.47273, 28, 19)
(-0.470539, 17, 14)
(-0.461987, 39, 4)
(-0.456081, 43, 12)
(-0.437483, 41, 11)
(-0.430038, 5, 4)
(-0.423046, 45, 13)
(-0.423046, 45, 19)
(-0.414578, 43, 22)
(-0.391522, 16, 9)
(-0.387049, 6, 5)
(-0.375003, 31, 22)
(-0.364363, 20, 5)
(-0.362505, 45, 27)
(-0.352268, 41, 14)
(-0.347938, 41, 18)
(-0.33907, 27, 13)
(-0.33907, 27, 19)
(-0.334098, 31, 5)
(-0.32717, 41, 15)
(-0.322678, 38, 29)
(-0.321836, 22, 10)
(-0.318493, 41, 36)
(-0.314342, 42, 13)
(-0.314342, 42, 19)
(-0.310811, 38, 34)
(-0.306463, 41, 35)
(-0.305795, 19, 7)
(-0.303318, 19, 3)
(-0.301964, 41, 16)
(-0.298981, 40, 39)
(-0.298752, 38, 25)
(-0.297751, 43, 5)
(-0.297739, 19, 9)
(-0.297692, 23, 13)
(-0.297692, 23, 19)
(-0.29769, 15, 7)
(-0.296999, 38, 26)
(-0.296918, 39, 13)
(-0.296918, 39, 19)
(-0.296114, 41, 12)
(-0.294984, 19, 4)
(-0.29186, 25, 13)
(-0.29186, 25, 19)
(-0.290213, 46, 34)
(-0.28821, 19, 10)
(-0.28692, 52, 19)
(-0.286719, 19, 11)
(-0.286088, 25, 5)
(-0.275056, 51, 13)
(-0.258838, 34, 22)
(-0.247141, 50, 13)
(-0.241623, 46, 13)
(-0.241623, 46, 19)
(-0.233918, 45, 38)
(-0.211004, 49, 19)
(-0.206179, 48, 19)
(0.0, 0, 0)
(0.0, 0, 1)
(0.0, 0, 2)
(0.0, 0, 3)
(0.0, 0, 4)
(0.0, 0, 5)
(0.0, 0, 6)
(0.0, 0, 7)
(0.0, 0, 8)
(0.0, 0, 9)
(0.0, 0, 10)
(0.0, 0, 11)
(0.0, 0, 12)
(0.0, 0, 13)
(0.0, 0, 14)
(0.0, 0, 15)
(0.0, 0, 16)
(0.0, 0, 17)
(0.0, 0, 18)
(0.0, 0, 19)
(0.0, 0, 20)
(0.0, 0, 21)
(0.0, 0, 22)
(0.0, 0, 23)
(0.0, 0, 24)
(0.0, 0, 25)
(0.0, 0, 26)
(0.0, 0, 27)
(0.0, 0, 28)
(0.0, 0, 29)
(0.0, 0, 30)
(0.0, 0, 31)
(0.0, 0, 32)
(0.0, 0, 33)
(0.0, 0, 34)
(0.0, 0, 35)
(0.0, 0, 36)
(0.0, 0, 37)
(0.0, 0, 38)
(0.0, 0, 39)
(0.0, 0, 40)
(0.0, 0, 41)
(0.0, 0, 42)
(0.0, 0, 43)
(0.0, 0, 44)
(0.0, 0, 45)
(0.0, 0, 46)
(0.0, 0, 47)
(0.0, 0, 48)
(0.0, 0, 49)
(0.0, 0, 50)
(0.0, 0, 51)
(0.0, 0, 52)
(0.0, 1, 1)
(0.0, 1, 2)
(0.0, 1, 3)
(0.0, 1, 4)
(0.0, 1, 5)
(0.0, 1, 6)
(0.0, 1, 7)
(0.0, 1, 8)
(0.0, 1, 9)
(0.0, 1, 10)
(0.0, 1, 11)
(0.0, 1, 12)
(0.0, 1, 13)
(0.0, 1, 14)
(0.0, 1, 15)
(0.0, 1, 16)
(0.0, 1, 17)
(0.0, 1, 18)
(0.0, 1, 19)
(0.0, 1, 20)
(0.0, 1, 21)
(0.0, 1, 22)
(0.0, 1, 23)
(0.0, 1, 24)
(0.0, 1, 25)
(0.0, 1, 26)
(0.0, 1, 27)
(0.0, 1, 28)
(0.0, 1, 29)
(0.0, 1, 30)
(0.0, 1, 31)
(0.0, 1, 32)
(0.0, 1, 33)
(0.0, 1, 34)
(0.0, 1, 35)
(0.0, 1, 36)
(0.0, 1, 37)
(0.0, 1, 38)
(0.0, 1, 39)
(0.0, 1, 40)
(0.0, 1, 41)
(0.0, 1, 42)
(0.0, 1, 43)
(0.0, 1, 44)
(0.0, 1, 45)
(0.0, 1, 46)
(0.0, 1, 47)
(0.0, 1, 48)
(0.0, 1, 49)
(0.0, 1, 50)
(0.0, 1, 51)
(0.0, 1, 52)
(0.0, 2, 2)
(0.0, 2, 3)
(0.0, 2, 4)
(0.0, 2, 5)
(0.0, 2, 6)
(0.0, 2, 7)
(0.0, 2, 8)
(0.0, 2, 9)
(0.0, 2, 10)
(0.0, 2, 11)
(0.0, 2, 12)
(0.0, 2, 13)
(0.0, 2, 14)
(0.0, 2, 15)
(0.0, 2, 16)
(0.0, 2, 17)
(0.0, 2, 18)
(0.0, 2, 19)
(0.0, 2, 20)
(0.0, 2, 21)
(0.0, 2, 22)
(0.0, 2, 23)
(0.0, 2, 24)
(0.0, 2, 25)
(0.0, 2, 26)
(0.0, 2, 27)
(0.0, 2, 28)
(0.0, 2, 29)
(0.0, 2, 30)
(0.0, 2, 31)
(0.0, 2, 32)
(0.0, 2, 33)
(0.0, 2, 34)
(0.0, 2, 35)
(0.0, 2, 36)
(0.0, 2, 37)
(0.0, 2, 38)
(0.0, 2, 39)
(0.0, 2, 40)
(0.0, 2, 41)
(0.0, 2, 42)
(0.0, 2, 43)
(0.0, 2, 44)
(0.0, 2, 45)
(0.0, 2, 46)
(0.0, 2, 47)
(0.0, 2, 48)
(0.0, 2, 49)
(0.0, 2, 50)
(0.0, 2, 51)
(0.0, 2, 52)
(0.0, 3, 3)
(0.0, 3, 4)
(0.0, 3, 5)
(0.0, 3, 6)
(0.0, 3, 7)
(0.0, 3, 8)
(0.0, 3, 9)
(0.0, 3, 10)
(0.0, 3, 11)
(0.0, 3, 12)
(0.0, 3, 13)
(0.0, 3, 14)
(0.0, 3, 15)
(0.0, 3, 16)
(0.0, 3, 17)
(0.0, 3, 18)
(0.0, 3, 19)
(0.0, 3, 20)
(0.0, 3, 21)
(0.0, 3, 22)
(0.0, 3, 23)
(0.0, 3, 24)
(0.0, 3, 25)
(0.0, 3, 26)
(0.0, 3, 27)
(0.0, 3, 28)
(0.0, 3, 29)
(0.0, 3, 30)
(0.0, 3, 31)
(0.0, 3, 32)
(0.0, 3, 33)
(0.0, 3, 34)
(0.0, 3, 35)
(0.0, 3, 36)
(0.0, 3, 37)
(0.0, 3, 38)
(0.0, 3, 39)
(0.0, 3, 40)
(0.0, 3, 41)
(0.0, 3, 42)
(0.0, 3, 43)
(0.0, 3, 44)
(0.0, 3, 45)
(0.0, 3, 46)
(0.0, 3, 47)
(0.0, 3, 48)
(0.0, 3, 49)
(0.0, 3, 50)
(0.0, 3, 51)
(0.0, 3, 52)
(0.0, 4, 4)
(0.0, 4, 5)
(0.0, 4, 6)
(0.0, 4, 7)
(0.0, 4, 8)
(0.0, 4, 9)
(0.0, 4, 10)
(0.0, 4, 11)
(0.0, 4, 12)
(0.0, 4, 13)
(0.0, 4, 14)
(0.0, 4, 15)
(0.0, 4, 16)
(0.0, 4, 17)
(0.0, 4, 18)
(0.0, 4, 19)
(0.0, 4, 20)
(0.0, 4, 21)
(0.0, 4, 22)
(0.0, 4, 23)
(0.0, 4, 24)
(0.0, 4, 25)
(0.0, 4, 26)
(0.0, 4, 27)
(0.0, 4, 28)
(0.0, 4, 29)
(0.0, 4, 30)
(0.0, 4, 31)
(0.0, 4, 32)
(0.0, 4, 33)
(0.0, 4, 34)
(0.0, 4, 35)
(0.0, 4, 36)
(0.0, 4, 37)
(0.0, 4, 38)
(0.0, 4, 39)
(0.0, 4, 40)
(0.0, 4, 41)
(0.0, 4, 42)
(0.0, 4, 43)
(0.0, 4, 44)
(0.0, 4, 45)
(0.0, 4, 46)
(0.0, 4, 47)
(0.0, 4, 48)
(0.0, 4, 49)
(0.0, 4, 50)
(0.0, 4, 51)
(0.0, 4, 52)
(0.0, 5, 5)
(0.0, 5, 6)
(0.0, 5, 7)
(0.0, 5, 8)
(0.0, 5, 9)
(0.0, 5, 10)
(0.0, 5, 11)
(0.0, 5, 12)
(0.0, 5, 13)
(0.0, 5, 14)
(0.0, 5, 15)
(0.0, 5, 16)
(0.0, 5, 17)
(0.0, 5, 18)
(0.0, 5, 19)
(0.0, 5, 20)
(0.0, 5, 21)
(0.0, 5, 22)
(0.0, 5, 23)
(0.0, 5, 24)
(0.0, 5, 25)
(0.0, 5, 26)
(0.0, 5, 27)
(0.0, 5, 28)
(0.0, 5, 29)
(0.0, 5, 30)
(0.0, 5, 31)
(0.0, 5, 32)
(0.0, 5, 33)
(0.0, 5, 34)
(0.0, 5, 35)
(0.0, 5, 36)
(0.0, 5, 37)
(0.0, 5, 38)
(0.0, 5, 39)
(0.0, 5, 40)
(0.0, 5, 41)
(0.0, 5, 42)
(0.0, 5, 43)
(0.0, 5, 44)
(0.0, 5, 45)
(0.0, 5, 46)
(0.0, 5, 47)
(0.0, 5, 48)
(0.0, 5, 49)
(0.0, 5, 50)
(0.0, 5, 51)
(0.0, 5, 52)
(0.0, 6, 6)
(0.0, 6, 7)
(0.0, 6, 8)
(0.0, 6, 9)
(0.0, 6, 10)
(0.0, 6, 11)
(0.0, 6, 12)
(0.0, 6, 13)
(0.0, 6, 14)
(0.0, 6, 15)
(0.0, 6, 16)
(0.0, 6, 17)
(0.0, 6, 18)
(0.0, 6, 19)
(0.0, 6, 20)
(0.0, 6, 21)
(0.0, 6, 22)
(0.0, 6, 23)
(0.0, 6, 24)
(0.0, 6, 25)
(0.0, 6, 26)
(0.0, 6, 27)
(0.0, 6, 28)
(0.0, 6, 29)
(0.0, 6, 30)
(0.0, 6, 31)
(0.0, 6, 32)
(0.0, 6, 33)
(0.0, 6, 34)
(0.0, 6, 35)
(0.0, 6, 36)
(0.0, 6, 37)
(0.0, 6, 38)
(0.0, 6, 39)
(0.0, 6, 40)
(0.0, 6, 41)
(0.0, 6, 42)
(0.0, 6, 43)
(0.0, 6, 44)
(0.0, 6, 45)
(0.0, 6, 46)
(0.0, 6, 47)
(0.0, 6, 48)
(0.0, 6, 49)
(0.0, 6, 50)
(0.0, 6, 51)
(0.0, 6, 52)
(0.0, 7, 7)
(0.0, 7, 8)
(0.0, 7, 9)
(0.0, 7, 10)
(0.0, 7, 11)
(0.0, 7, 12)
(0.0, 7, 13)
(0.0, 7, 14)
(0.0, 7, 15)
(0.0, 7, 16)
(0.0, 7, 17)
(0.0, 7, 18)
(0.0, 7, 19)
(0.0, 7, 20)
(0.0, 7, 21)
(0.0, 7, 22)
(0.0, 7, 23)
(0.0, 7, 24)
(0.0, 7, 25)
(0.0, 7, 26)
(0.0, 7, 27)
(0.0, 7, 28)
(0.0, 7, 29)
(0.0, 7, 30)
(0.0, 7, 31)
(0.0, 7, 32)
(0.0, 7, 33)
(0.0, 7, 34)
(0.0, 7, 35)
(0.0, 7, 36)
(0.0, 7, 37)
(0.0, 7, 38)
(0.0, 7, 39)
(0.0, 7, 40)
(0.0, 7, 41)
(0.0, 7, 42)
(0.0, 7, 43)
(0.0, 7, 44)
(0.0, 7, 45)
(0.0, 7, 46)
(0.0, 7, 47)
(0.0, 7, 48)
(0.0, 7, 49)
(0.0, 7, 50)
(0.0, 7, 51)
(0.0, 7, 52)
(0.0, 8, 8)
(0.0, 8, 9)
(0.0, 8, 10)
(0.0, 8, 11)
(0.0, 8, 12)
(0.0, 8, 13)
(0.0, 8, 14)
(0.0, 8, 15)
(0.0, 8, 16)
(0.0, 8, 17)
(0.0, 8, 18)
(0.0, 8, 19)
(0.0, 8, 20)
(0.0, 8, 21)
(0.0, 8, 22)
(0.0, 8, 23)
(0.0, 8, 24)
(0.0, 8, 25)
(0.0, 8, 26)
(0.0, 8, 27)
(0.0, 8, 28)
(0.0, 8, 29)
(0.0, 8, 30)
(0.0, 8, 31)
(0.0, 8, 32)
(0.0, 8, 33)
(0.0, 8, 34)
(0.0, 8, 35)
(0.0, 8, 36)
(0.0, 8, 37)
(0.0, 8, 38)
(0.0, 8, 39)
(0.0, 8, 40)
(0.0, 8, 41)
(0.0, 8, 42)
(0.0, 8, 43)
(0.0, 8, 44)
(0.0, 8, 45)
(0.0, 8, 46)
(0.0, 8, 47)
(0.0, 8, 48)
(0.0, 8, 49)
(0.0, 8, 50)
(0.0, 8, 51)
(0.0, 8, 52)
(0.0, 9, 9)
(0.0, 9, 10)
(0.0, 9, 11)
(0.0, 9, 12)
(0.0, 9, 13)
(0.0, 9, 14)
(0.0, 9, 15)
(0.0, 9, 16)
(0.0, 9, 17)
(0.0, 9, 18)
(0.0, 9, 19)
(0.0, 9, 20)
(0.0, 9, 21)
(0.0, 9, 22)
(0.0, 9, 23)
(0.0, 9, 24)
(0.0, 9, 25)
(0.0, 9, 26)
(0.0, 9, 27)
(0.0, 9, 28)
(0.0, 9, 29)
(0.0, 9, 30)
(0.0, 9, 31)
(0.0, 9, 32)
(0.0, 9, 33)
(0.0, 9, 34)
(0.0, 9, 35)
(0.0, 9, 36)
(0.0, 9, 37)
(0.0, 9, 38)
(0.0, 9, 39)
(0.0, 9, 40)
(0.0, 9, 41)
(0.0, 9, 42)
(0.0, 9, 43)
(0.0, 9, 44)
(0.0, 9, 45)
(0.0, 9, 46)
(0.0, 9, 47)
(0.0, 9, 48)
(0.0, 9, 49)
(0.0, 9, 50)
(0.0, 9, 51)
(0.0, 9, 52)
(0.0, 10, 10)
(0.0, 10, 11)
(0.0, 10, 12)
(0.0, 10, 13)
(0.0, 10, 14)
(0.0, 10, 15)
(0.0, 10, 16)
(0.0, 10, 17)
(0.0, 10, 18)
(0.0, 10, 19)
(0.0, 10, 20)
(0.0, 10, 21)
(0.0, 10, 22)
(0.0, 10, 23)
(0.0, 10, 24)
(0.0, 10, 25)
(0.0, 10, 26)
(0.0, 10, 27)
(0.0, 10, 28)
(0.0, 10, 29)
(0.0, 10, 30)
(0.0, 10, 31)
(0.0, 10, 32)
(0.0, 10, 33)
(0.0, 10, 34)
(0.0, 10, 35)
(0.0, 10, 36)
(0.0, 10, 37)
(0.0, 10, 38)
(0.0, 10, 39)
(0.0, 10, 40)
(0.0, 10, 41)
(0.0, 10, 42)
(0.0, 10, 43)
(0.0, 10, 44)
(0.0, 10, 45)
(0.0, 10, 46)
(0.0, 10, 47)
(0.0, 10, 48)
(0.0, 10, 49)
(0.0, 10, 50)
(0.0, 10, 51)
(0.0, 10, 52)
(0.0, 11, 11)
(0.0, 11, 12)
(0.0, 11, 13)
(0.0, 11, 14)
(0.0, 11, 15)
(0.0, 11, 16)
(0.0, 11, 17)
(0.0, 11, 18)
(0.0, 11, 19)
(0.0, 11, 20)
(0.0, 11, 21)
(0.0, 11, 22)
(0.0, 11, 23)
(0.0, 11, 24)
(0.0, 11, 25)
(0.0, 11, 26)
(0.0, 11, 27)
(0.0, 11, 28)
(0.0, 11, 29)
(0.0, 11, 30)
(0.0, 11, 31)
(0.0, 11, 32)
(0.0, 11, 33)
(0.0, 11, 34)
(0.0, 11, 35)
(0.0, 11, 36)
(0.0, 11, 37)
(0.0, 11, 38)
(0.0, 11, 39)
(0.0, 11, 40)
(0.0, 11, 41)
(0.0, 11, 42)
(0.0, 11, 43)
(0.0, 11, 44)
(0.0, 11, 45)
(0.0, 11, 46)
(0.0, 11, 47)
(0.0, 11, 48)
(0.0, 11, 49)
(0.0, 11, 50)
(0.0, 11, 51)
(0.0, 11, 52)
(0.0, 12, 12)
(0.0, 12, 13)
(0.0, 12, 14)
(0.0, 12, 15)
(0.0, 12, 16)
(0.0, 12, 17)
(0.0, 12, 18)
(0.0, 12, 19)
(0.0, 12, 20)
(0.0, 12, 21)
(0.0, 12, 22)
(0.0, 12, 23)
(0.0, 12, 24)
(0.0, 12, 25)
(0.0, 12, 26)
(0.0, 12, 27)
(0.0, 12, 28)
(0.0, 12, 29)
(0.0, 12, 30)
(0.0, 12, 31)
(0.0, 12, 32)
(0.0, 12, 33)
(0.0, 12, 34)
(0.0, 12, 35)
(0.0, 12, 36)
(0.0, 12, 37)
(0.0, 12, 38)
(0.0, 12, 39)
(0.0, 12, 40)
(0.0, 12, 41)
(0.0, 12, 42)
(0.0, 12, 43)
(0.0, 12, 44)
(0.0, 12, 45)
(0.0, 12, 46)
(0.0, 12, 47)
(0.0, 12, 48)
(0.0, 12, 49)
(0.0, 12, 50)
(0.0, 12, 51)
(0.0, 12, 52)
(0.0, 13, 13)
(0.0, 13, 14)
(0.0, 13, 15)
(0.0, 13, 16)
(0.0, 13, 17)
(0.0, 13, 18)
(0.0, 13, 19)
(0.0, 13, 20)
(0.0, 13, 21)
(0.0, 13, 22)
(0.0, 13, 23)
(0.0, 13, 24)
(0.0, 13, 25)
(0.0, 13, 26)
(0.0, 13, 27)
(0.0, 13, 28)
(0.0, 13, 29)
(0.0, 13, 30)
(0.0, 13, 31)
(0.0, 13, 32)
(0.0, 13, 33)
(0.0, 13, 34)
(0.0, 13, 35)
(0.0, 13, 36)
(0.0, 13, 37)
(0.0, 13, 38)
(0.0, 13, 39)
(0.0, 13, 40)
(0.0, 13, 41)
(0.0, 13, 42)
(0.0, 13, 43)
(0.0, 13, 44)
(0.0, 13, 45)
(0.0, 13, 46)
(0.0, 13, 47)
(0.0, 13, 48)
(0.0, 13, 49)
(0.0, 13, 50)
(0.0, 13, 51)
(0.0, 13, 52)
(0.0, 14, 14)
(0.0, 14, 15)
(0.0, 14, 16)
(0.0, 14, 17)
(0.0, 14, 18)
(0.0, 14, 19)
(0.0, 14, 20)
(0.0, 14, 21)
(0.0, 14, 22)
(0.0, 14, 23)
(0.0, 14, 24)
(0.0, 14, 25)
(0.0, 14, 26)
(0.0, 14, 27)
(0.0, 14, 28)
(0.0, 14, 29)
(0.0, 14, 30)
(0.0, 14, 31)
(0.0, 14, 32)
(0.0, 14, 33)
(0.0, 14, 34)
(0.0, 14, 35)
(0.0, 14, 36)
(0.0, 14, 37)
(0.0, 14, 38)
(0.0, 14, 39)
(0.0, 14, 40)
(0.0, 14, 41)
(0.0, 14, 42)
(0.0, 14, 43)
(0.0, 14, 44)
(0.0, 14, 45)
(0.0, 14, 46)
(0.0, 14, 47)
(0.0, 14, 48)
(0.0, 14, 49)
(0.0, 14, 50)
(0.0, 14, 51)
(0.0, 14, 52)
(0.0, 15, 15)
(0.0, 15, 16)
(0.0, 15, 17)
(0.0, 15, 18)
(0.0, 15, 19)
(0.0, 15, 20)
(0.0, 15, 21)
(0.0, 15, 22)
(0.0, 15, 23)
(0.0, 15, 24)
(0.0, 15, 25)
(0.0, 15, 26)
(0.0, 15, 27)
(0.0, 15, 28)
(0.0, 15, 29)
(0.0, 15, 30)
(0.0, 15, 31)
(0.0, 15, 32)
(0.0, 15, 33)
(0.0, 15, 34)
(0.0, 15, 35)
(0.0, 15, 36)
(0.0, 15, 37)
(0.0, 15, 38)
(0.0, 15, 39)
(0.0, 15, 40)
(0.0, 15, 41)
(0.0, 15, 42)
(0.0, 15, 43)
(0.0, 15, 44)
(0.0, 15, 45)
(0.0, 15, 46)
(0.0, 15, 47)
(0.0, 15, 48)
(0.0, 15, 49)
(0.0, 15, 50)
(0.0, 15, 51)
(0.0, 15, 52)
(0.0, 16, 16)
(0.0, 16, 17)
(0.0, 16, 18)
(0.0, 16, 19)
(0.0, 16, 20)
(0.0, 16, 21)
(0.0, 16, 22)
(0.0, 16, 23)
(0.0, 16, 24)
(0.0, 16, 25)
(0.0, 16, 26)
(0.0, 16, 27)
(0.0, 16, 28)
(0.0, 16, 29)
(0.0, 16, 30)
(0.0, 16, 31)
(0.0, 16, 32)
(0.0, 16, 33)
(0.0, 16, 34)
(0.0, 16, 35)
(0.0, 16, 36)
(0.0, 16, 37)
(0.0, 16, 38)
(0.0, 16, 39)
(0.0, 16, 40)
(0.0, 16, 41)
(0.0, 16, 42)
(0.0, 16, 43)
(0.0, 16, 44)
(0.0, 16, 45)
(0.0, 16, 46)
(0.0, 16, 47)
(0.0, 16, 48)
(0.0, 16, 49)
(0.0, 16, 50)
(0.0, 16, 51)
(0.0, 16, 52)
(0.0, 17, 17)
(0.0, 17, 18)
(0.0, 17, 19)
(0.0, 17, 20)
(0.0, 17, 21)
(0.0, 17, 22)
(0.0, 17, 23)
(0.0, 17, 24)
(0.0, 17, 25)
(0.0, 17, 26)
(0.0, 17, 27)
(0.0, 17, 28)
(0.0, 17, 29)
(0.0, 17, 30)
(0.0, 17, 31)
(0.0, 17, 32)
(0.0, 17, 33)
(0.0, 17, 34)
(0.0, 17, 35)
(0.0, 17, 36)
(0.0, 17, 37)
(0.0, 17, 38)
(0.0, 17, 39)
(0.0, 17, 40)
(0.0, 17, 41)
(0.0, 17, 42)
(0.0, 17, 43)
(0.0, 17, 44)
(0.0, 17, 45)
(0.0, 17, 46)
(0.0, 17, 47)
(0.0, 17, 48)
(0.0, 17, 49)
(0.0, 17, 50)
(0.0, 17, 51)
(0.0, 17, 52)
(0.0, 18, 18)
(0.0, 18, 19)
(0.0, 18, 20)
(0.0, 18, 21)
(0.0, 18, 22)
(0.0, 18, 23)
(0.0, 18, 24)
(0.0, 18, 25)
(0.0, 18, 26)
(0.0, 18, 27)
(0.0, 18, 28)
(0.0, 18, 29)
(0.0, 18, 30)
(0.0, 18, 31)
(0.0, 18, 32)
(0.0, 18, 33)
(0.0, 18, 34)
(0.0, 18, 35)
(0.0, 18, 36)
(0.0, 18, 37)
(0.0, 18, 38)
(0.0, 18, 39)
(0.0, 18, 40)
(0.0, 18, 41)
(0.0, 18, 42)
(0.0, 18, 43)
(0.0, 18, 44)
(0.0, 18, 45)
(0.0, 18, 46)
(0.0, 18, 47)
(0.0, 18, 48)
(0.0, 18, 49)
(0.0, 18, 50)
(0.0, 18, 51)
(0.0, 18, 52)
(0.0, 19, 19)
(0.0, 19, 20)
(0.0, 19, 21)
(0.0, 19, 22)
(0.0, 19, 23)
(0.0, 19, 24)
(0.0, 19, 25)
(0.0, 19, 26)
(0.0, 19, 27)
(0.0, 19, 28)
(0.0, 19, 29)
(0.0, 19, 30)
(0.0, 19, 31)
(0.0, 19, 32)
(0.0, 19, 33)
(0.0, 19, 34)
(0.0, 19, 35)
(0.0, 19, 36)
(0.0, 19, 37)
(0.0, 19, 38)
(0.0, 19, 39)
(0.0, 19, 40)
(0.0, 19, 41)
(0.0, 19, 42)
(0.0, 19, 43)
(0.0, 19, 44)
(0.0, 19, 45)
(0.0, 19, 46)
(0.0, 19, 47)
(0.0, 19, 48)
(0.0, 19, 49)
(0.0, 19, 50)
(0.0, 19, 51)
(0.0, 19, 52)
(0.0, 20, 20)
(0.0, 20, 21)
(0.0, 20, 22)
(0.0, 20, 23)
(0.0, 20, 24)
(0.0, 20, 25)
(0.0, 20, 26)
(0.0, 20, 27)
(0.0, 20, 28)
(0.0, 20, 29)
(0.0, 20, 30)
(0.0, 20, 31)
(0.0, 20, 32)
(0.0, 20, 33)
(0.0, 20, 34)
(0.0, 20, 35)
(0.0, 20, 36)
(0.0, 20, 37)
(0.0, 20, 38)
(0.0, 20, 39)
(0.0, 20, 40)
(0.0, 20, 41)
(0.0, 20, 42)
(0.0, 20, 43)
(0.0, 20, 44)
(0.0, 20, 45)
(0.0, 20, 46)
(0.0, 20, 47)
(0.0, 20, 48)
(0.0, 20, 49)
(0.0, 20, 50)
(0.0, 20, 51)
(0.0, 20, 52)
(0.0, 21, 21)
(0.0, 21, 22)
(0.0, 21, 23)
(0.0, 21, 24)
(0.0, 21, 25)
(0.0, 21, 26)
(0.0, 21, 27)
(0.0, 21, 28)
(0.0, 21, 29)
(0.0, 21, 30)
(0.0, 21, 31)
(0.0, 21, 32)
(0.0, 21, 33)
(0.0, 21, 34)
(0.0, 21, 35)
(0.0, 21, 36)
(0.0, 21, 37)
(0.0, 21, 38)
(0.0, 21, 39)
(0.0, 21, 40)
(0.0, 21, 41)
(0.0, 21, 42)
(0.0, 21, 43)
(0.0, 21, 44)
(0.0, 21, 45)
(0.0, 21, 46)
(0.0, 21, 47)
(0.0, 21, 48)
(0.0, 21, 49)
(0.0, 21, 50)
(0.0, 21, 51)
(0.0, 21, 52)
(0.0, 22, 22)
(0.0, 22, 23)
(0.0, 22, 24)
(0.0, 22, 25)
(0.0, 22, 26)
(0.0, 22, 27)
(0.0, 22, 28)
(0.0, 22, 29)
(0.0, 22, 30)
(0.0, 22, 31)
(0.0, 22, 32)
(0.0, 22, 33)
(0.0, 22, 34)
(0.0, 22, 35)
(0.0, 22, 36)
(0.0, 22, 37)
(0.0, 22, 38)
(0.0, 22, 39)
(0.0, 22, 40)
(0.0, 22, 41)
(0.0, 22, 42)
(0.0, 22, 43)
(0.0, 22, 44)
(0.0, 22, 45)
(0.0, 22, 46)
(0.0, 22, 47)
(0.0, 22, 48)
(0.0, 22, 49)
(0.0, 22, 50)
(0.0, 22, 51)
(0.0, 22, 52)
(0.0, 23, 23)
(0.0, 23, 24)
(0.0, 23, 25)
(0.0, 23, 26)
(0.0, 23, 27)
(0.0, 23, 28)
(0.0, 23, 29)
(0.0, 23, 30)
(0.0, 23, 31)
(0.0, 23, 32)
(0.0, 23, 33)
(0.0, 23, 34)
(0.0, 23, 35)
(0.0, 23, 36)
(0.0, 23, 37)
(0.0, 23, 38)
(0.0, 23, 39)
(0.0, 23, 40)
(0.0, 23, 41)
(0.0, 23, 42)
(0.0, 23, 43)
(0.0, 23, 44)
(0.0, 23, 45)
(0.0, 23, 46)
(0.0, 23, 47)
(0.0, 23, 48)
(0.0, 23, 49)
(0.0, 23, 50)
(0.0, 23, 51)
(0.0, 23, 52)
(0.0, 24, 24)
(0.0, 24, 25)
(0.0, 24, 26)
(0.0, 24, 27)
(0.0, 24, 28)
(0.0, 24, 29)
(0.0, 24, 30)
(0.0, 24, 31)
(0.0, 24, 32)
(0.0, 24, 33)
(0.0, 24, 34)
(0.0, 24, 35)
(0.0, 24, 36)
(0.0, 24, 37)
(0.0, 24, 38)
(0.0, 24, 39)
(0.0, 24, 40)
(0.0, 24, 41)
(0.0, 24, 42)
(0.0, 24, 43)
(0.0, 24, 44)
(0.0, 24, 45)
(0.0, 24, 46)
(0.0, 24, 47)
(0.0, 24, 48)
(0.0, 24, 49)
(0.0, 24, 50)
(0.0, 24, 51)
(0.0, 24, 52)
(0.0, 25, 25)
(0.0, 25, 26)
(0.0, 25, 27)
(0.0, 25, 28)
(0.0, 25, 29)
(0.0, 25, 30)
(0.0, 25, 31)
(0.0, 25, 32)
(0.0, 25, 33)
(0.0, 25, 34)
(0.0, 25, 35)
(0.0, 25, 36)
(0.0, 25, 37)
(0.0, 25, 38)
(0.0, 25, 39)
(0.0, 25, 40)
(0.0, 25, 41)
(0.0, 25, 42)
(0.0, 25, 43)
(0.0, 25, 44)
(0.0, 25, 45)
(0.0, 25, 46)
(0.0, 25, 47)
(0.0, 25, 48)
(0.0, 25, 49)
(0.0, 25, 50)
(0.0, 25, 51)
(0.0, 25, 52)
(0.0, 26, 26)
(0.0, 26, 27)
(0.0, 26, 28)
(0.0, 26, 29)
(0.0, 26, 30)
(0.0, 26, 31)
(0.0, 26, 32)
(0.0, 26, 33)
(0.0, 26, 34)
(0.0, 26, 35)
(0.0, 26, 36)
(0.0, 26, 37)
(0.0, 26, 38)
(0.0, 26, 39)
(0.0, 26, 40)
(0.0, 26, 41)
(0.0, 26, 42)
(0.0, 26, 43)
(0.0, 26, 44)
(0.0, 26, 45)
(0.0, 26, 46)
(0.0, 26, 47)
(0.0, 26, 48)
(0.0, 26, 49)
(0.0, 26, 50)
(0.0, 26, 51)
(0.0, 26, 52)
(0.0, 27, 27)
(0.0, 27, 28)
(0.0, 27, 29)
(0.0, 27, 30)
(0.0, 27, 31)
(0.0, 27, 32)
(0.0, 27, 33)
(0.0, 27, 34)
(0.0, 27, 35)
(0.0, 27, 36)
(0.0, 27, 37)
(0.0, 27, 38)
(0.0, 27, 39)
(0.0, 27, 40)
(0.0, 27, 41)
(0.0, 27, 42)
(0.0, 27, 43)
(0.0, 27, 44)
(0.0, 27, 45)
(0.0, 27, 46)
(0.0, 27, 47)
(0.0, 27, 48)
(0.0, 27, 49)
(0.0, 27, 50)
(0.0, 27, 51)
(0.0, 27, 52)
(0.0, 28, 28)
(0.0, 28, 29)
(0.0, 28, 30)
(0.0, 28, 31)
(0.0, 28, 32)
(0.0, 28, 33)
(0.0, 28, 34)
(0.0, 28, 35)
(0.0, 28, 36)
(0.0, 28, 37)
(0.0, 28, 38)
(0.0, 28, 39)
(0.0, 28, 40)
(0.0, 28, 41)
(0.0, 28, 42)
(0.0, 28, 43)
(0.0, 28, 44)
(0.0, 28, 45)
(0.0, 28, 46)
(0.0, 28, 47)
(0.0, 28, 48)
(0.0, 28, 49)
(0.0, 28, 50)
(0.0, 28, 51)
(0.0, 28, 52)
(0.0, 29, 29)
(0.0, 29, 30)
(0.0, 29, 31)
(0.0, 29, 32)
(0.0, 29, 33)
(0.0, 29, 34)
(0.0, 29, 35)
(0.0, 29, 36)
(0.0, 29, 37)
(0.0, 29, 38)
(0.0, 29, 39)
(0.0, 29, 40)
(0.0, 29, 41)
(0.0, 29, 42)
(0.0, 29, 43)
(0.0, 29, 44)
(0.0, 29, 45)
(0.0, 29, 46)
(0.0, 29, 47)
(0.0, 29, 48)
(0.0, 29, 49)
(0.0, 29, 50)
(0.0, 29, 51)
(0.0, 29, 52)
(0.0, 30, 30)
(0.0, 30, 31)
(0.0, 30, 32)
(0.0, 30, 33)
(0.0, 30, 34)
(0.0, 30, 35)
(0.0, 30, 36)
(0.0, 30, 37)
(0.0, 30, 38)
(0.0, 30, 39)
(0.0, 30, 40)
(0.0, 30, 41)
(0.0, 30, 42)
(0.0, 30, 43)
(0.0, 30, 44)
(0.0, 30, 45)
(0.0, 30, 46)
(0.0, 30, 47)
(0.0, 30, 48)
(0.0, 30, 49)
(0.0, 30, 50)
(0.0, 30, 51)
(0.0, 30, 52)
(0.0, 31, 31)
(0.0, 31, 32)
(0.0, 31, 33)
(0.0, 31, 34)
(0.0, 31, 35)
(0.0, 31, 36)
(0.0, 31, 37)
(0.0, 31, 38)
(0.0, 31, 39)
(0.0, 31, 40)
(0.0, 31, 41)
(0.0, 31, 42)
(0.0, 31, 43)
(0.0, 31, 44)
(0.0, 31, 45)
(0.0, 31, 46)
(0.0, 31, 47)
(0.0, 31, 48)
(0.0, 31, 49)
(0.0, 31, 50)
(0.0, 31, 51)
(0.0, 31, 52)
(0.0, 32, 32)
(0.0, 32, 33)
(0.0, 32, 34)
(0.0, 32, 35)
(0.0, 32, 36)
(0.0, 32, 37)
(0.0, 32, 38)
(0.0, 32, 39)
(0.0, 32, 40)
(0.0, 32, 41)
(0.0, 32, 42)
(0.0, 32, 43)
(0.0, 32, 44)
(0.0, 32, 45)
(0.0, 32, 46)
(0.0, 32, 47)
(0.0, 32, 48)
(0.0, 32, 49)
(0.0, 32, 50)
(0.0, 32, 51)
(0.0, 32, 52)
(0.0, 33, 33)
(0.0, 33, 34)
(0.0, 33, 35)
(0.0, 33, 36)
(0.0, 33, 37)
(0.0, 33, 38)
(0.0, 33, 39)
(0.0, 33, 40)
(0.0, 33, 41)
(0.0, 33, 42)
(0.0, 33, 43)
(0.0, 33, 44)
(0.0, 33, 45)
(0.0, 33, 46)
(0.0, 33, 47)
(0.0, 33, 48)
(0.0, 33, 49)
(0.0, 33, 50)
(0.0, 33, 51)
(0.0, 33, 52)
(0.0, 34, 34)
(0.0, 34, 35)
(0.0, 34, 36)
(0.0, 34, 37)
(0.0, 34, 38)
(0.0, 34, 39)
(0.0, 34, 40)
(0.0, 34, 41)
(0.0, 34, 42)
(0.0, 34, 43)
(0.0, 34, 44)
(0.0, 34, 45)
(0.0, 34, 46)
(0.0, 34, 47)
(0.0, 34, 48)
(0.0, 34, 49)
(0.0, 34, 50)
(0.0, 34, 51)
(0.0, 34, 52)
(0.0, 35, 35)
(0.0, 35, 36)
(0.0, 35, 37)
(0.0, 35, 38)
(0.0, 35, 39)
(0.0, 35, 40)
(0.0, 35, 41)
(0.0, 35, 42)
(0.0, 35, 43)
(0.0, 35, 44)
(0.0, 35, 45)
(0.0, 35, 46)
(0.0, 35, 47)
(0.0, 35, 48)
(0.0, 35, 49)
(0.0, 35, 50)
(0.0, 35, 51)
(0.0, 35, 52)
(0.0, 36, 36)
(0.0, 36, 37)
(0.0, 36, 38)
(0.0, 36, 39)
(0.0, 36, 40)
(0.0, 36, 41)
(0.0, 36, 42)
(0.0, 36, 43)
(0.0, 36, 44)
(0.0, 36, 45)
(0.0, 36, 46)
(0.0, 36, 47)
(0.0, 36, 48)
(0.0, 36, 49)
(0.0, 36, 50)
(0.0, 36, 51)
(0.0, 36, 52)
(0.0, 37, 37)
(0.0, 37, 38)
(0.0, 37, 39)
(0.0, 37, 40)
(0.0, 37, 41)
(0.0, 37, 42)
(0.0, 37, 43)
(0.0, 37, 44)
(0.0, 37, 45)
(0.0, 37, 46)
(0.0, 37, 47)
(0.0, 37, 48)
(0.0, 37, 49)
(0.0, 37, 50)
(0.0, 37, 51)
(0.0, 37, 52)
(0.0, 38, 38)
(0.0, 38, 39)
(0.0, 38, 40)
(0.0, 38, 41)
(0.0, 38, 42)
(0.0, 38, 43)
(0.0, 38, 44)
(0.0, 38, 45)
(0.0, 38, 46)
(0.0, 38, 47)
(0.0, 38, 48)
(0.0, 38, 49)
(0.0, 38, 50)
(0.0, 38, 51)
(0.0, 38, 52)
(0.0, 39, 39)
(0.0, 39, 40)
(0.0, 39, 41)
(0.0, 39, 42)
(0.0, 39, 43)
(0.0, 39, 44)
(0.0, 39, 45)
(0.0, 39, 46)
(0.0, 39, 47)
(0.0, 39, 48)
(0.0, 39, 49)
(0.0, 39, 50)
(0.0, 39, 51)
(0.0, 39, 52)
(0.0, 40, 40)
(0.0, 40, 41)
(0.0, 40, 42)
(0.0, 40, 43)
(0.0, 40, 44)
(0.0, 40, 45)
(0.0, 40, 46)
(0.0, 40, 47)
(0.0, 40, 48)
(0.0, 40, 49)
(0.0, 40, 50)
(0.0, 40, 51)
(0.0, 40, 52)
(0.0, 41, 41)
(0.0, 41, 42)
(0.0, 41, 43)
(0.0, 41, 44)
(0.0, 41, 45)
(0.0, 41, 46)
(0.0, 41, 47)
(0.0, 41, 48)
(0.0, 41, 49)
(0.0, 41, 50)
(0.0, 41, 51)
(0.0, 41, 52)
(0.0, 42, 42)
(0.0, 42, 43)
(0.0, 42, 44)
(0.0, 42, 45)
(0.0, 42, 46)
(0.0, 42, 47)
(0.0, 42, 48)
(0.0, 42, 49)
(0.0, 42, 50)
(0.0, 42, 51)
(0.0, 42, 52)
(0.0, 43, 43)
(0.0, 43, 44)
(0.0, 43, 45)
(0.0, 43, 46)
(0.0, 43, 47)
(0.0, 43, 48)
(0.0, 43, 49)
(0.0, 43, 50)
(0.0, 43, 51)
(0.0, 43, 52)
(0.0, 44, 44)
(0.0, 44, 45)
(0.0, 44, 46)
(0.0, 44, 47)
(0.0, 44, 48)
(0.0, 44, 49)
(0.0, 44, 50)
(0.0, 44, 51)
(0.0, 44, 52)
(0.0, 45, 45)
(0.0, 45, 46)
(0.0, 45, 47)
(0.0, 45, 48)
(0.0, 45, 49)
(0.0, 45, 50)
(0.0, 45, 51)
(0.0, 45, 52)
(0.0, 46, 46)
(0.0, 46, 47)
(0.0, 46, 48)
(0.0, 46, 49)
(0.0, 46, 50)
(0.0, 46, 51)
(0.0, 46, 52)
(0.0, 47, 47)
(0.0, 47, 48)
(0.0, 47, 49)
(0.0, 47, 50)
(0.0, 47, 51)
(0.0, 47, 52)
(0.0, 48, 48)
(0.0, 48, 49)
(0.0, 48, 50)
(0.0, 48, 51)
(0.0, 48, 52)
(0.0, 49, 49)
(0.0, 49, 50)
(0.0, 49, 51)
(0.0, 49, 52)
(0.0, 50, 50)
(0.0, 50, 51)
(0.0, 50, 52)
(0.0, 51, 51)
(0.0, 51, 52)
(0.0, 52, 52)
(0.023428, 37, 30)
(0.023428, 37, 32)
(0.036444, 43, 30)
(0.036444, 43, 32)
(0.039915, 34, 30)
(0.039915, 34, 32)
(0.072962, 43, 38)
(0.072962, 43, 40)
(0.082434, 47, 30)
(0.082434, 47, 32)
(0.099788, 44, 30)
(0.099788, 44, 32)
(0.101523, 39, 30)
(0.101523, 39, 32)
(0.104994, 52, 30)
(0.104994, 52, 32)
(0.109333, 51, 30)
(0.109333, 51, 32)
(0.120613, 50, 30)
(0.120613, 50, 32)
(0.137968, 49, 30)
(0.137968, 49, 32)
(0.139703, 31, 30)
(0.140571, 48, 30)
(0.140571, 48, 32)
(0.145777, 33, 30)
(0.145777, 33, 32)
(0.152329, 42, 38)
(0.152329, 42, 40)
(0.165032, 47, 38)
(0.165032, 47, 40)
(0.190031, 45, 30)
(0.190031, 45, 32)
(0.199776, 44, 38)
(0.199776, 44, 40)
(0.202017, 36, 13)
(0.202017, 36, 19)
(0.20325, 39, 38)
(0.210199, 52, 38)
(0.210199, 52, 40)
(0.218885, 51, 38)
(0.218885, 51, 40)
(0.221925, 24, 12)
(0.231786, 35, 13)
(0.231786, 35, 19)
(0.23602, 42, 30)
(0.23602, 42, 32)
(0.241468, 50, 38)
(0.241468, 50, 40)
(0.256653, 43, 41)
(0.269665, 39, 9)
(0.276212, 49, 38)
(0.276212, 49, 40)
(0.276417, 43, 28)
(0.277417, 30, 29)
(0.277417, 32, 29)
(0.278045, 30, 21)
(0.278045, 32, 21)
(0.278539, 46, 30)
(0.278539, 46, 32)
(0.28041, 40, 29)
(0.281121, 38, 21)
(0.281121, 40, 21)
(0.281423, 48, 38)
(0.281423, 48, 40)
(0.281512, 30, 24)
(0.281512, 32, 24)
(0.284635, 38, 37)
(0.284635, 40, 37)
(0.285125, 38, 24)
(0.285125, 40, 24)
(0.286675, 30, 7)
(0.286675, 32, 7)
(0.288164, 30, 3)
(0.288164, 32, 3)
(0.288848, 40, 23)
(0.289391, 30, 2)
(0.289391, 32, 2)
(0.290077, 40, 18)
(0.291228, 30, 9)
(0.291228, 32, 9)
(0.291249, 17, 12)
(0.291465, 38, 7)
(0.291465, 40, 7)
(0.291465, 40, 34)
(0.292587, 30, 4)
(0.292587, 32, 4)
(0.293422, 38, 3)
(0.293422, 40, 3)
(0.293496, 30, 27)
(0.293496, 32, 27)
(0.293947, 30, 1)
(0.293947, 32, 1)
(0.294167, 38, 22)
(0.294709, 30, 25)
(0.294709, 32, 25)
(0.294756, 38, 15)
(0.294756, 40, 15)
(0.295096, 38, 2)
(0.295096, 40, 2)
(0.295219, 30, 0)
(0.295219, 32, 0)
(0.295522, 30, 10)
(0.295522, 30, 20)
(0.295522, 32, 10)
(0.295522, 32, 20)
(0.295698, 30, 26)
(0.295698, 32, 26)
(0.29578, 41, 29)
(0.296057, 46, 22)
(0.296097, 30, 11)
(0.296097, 32, 11)
(0.296317, 13, 7)
(0.296482, 19, 8)
(0.296815, 19, 6)
(0.296924, 41, 21)
(0.297099, 32, 31)
(0.297446, 5, 1)
(0.297732, 38, 9)
(0.297732, 40, 9)
(0.298754, 13, 3)
(0.29891, 30, 28)
(0.29891, 32, 28)
(0.299685, 38, 35)
(0.299808, 38, 4)
(0.299808, 40, 4)
(0.299891, 30, 8)
(0.299891, 32, 8)
(0.299975, 30, 6)
(0.299975, 32, 6)
(0.300793, 38, 16)
(0.300793, 40, 16)
(0.300887, 13, 2)
(0.300887, 19, 2)
(0.300921, 23, 8)
(0.301267, 38, 27)
(0.301267, 40, 27)
(0.302015, 38, 1)
(0.302015, 40, 1)
(0.302256, 38, 12)
(0.302256, 40, 12)
(0.302341, 30, 23)
(0.302341, 32, 23)
(0.302468, 30, 14)
(0.302468, 32, 14)
(0.302876, 41, 37)
(0.302898, 30, 18)
(0.302898, 32, 18)
(0.30332, 40, 25)
(0.303751, 41, 24)
(0.304224, 38, 0)
(0.304224, 40, 0)
(0.304346, 13, 9)
(0.304774, 38, 10)
(0.304774, 38, 20)
(0.304774, 40, 10)
(0.304774, 40, 20)
(0.304896, 30, 22)
(0.304896, 32, 22)
(0.305099, 40, 26)
(0.305204, 30, 15)
(0.305204, 32, 15)
(0.305845, 38, 11)
(0.305845, 40, 11)
(0.306824, 19, 14)
(0.307161, 13, 4)
(0.307801, 38, 31)
(0.307801, 40, 31)
(0.308505, 38, 33)
(0.308505, 40, 33)
(0.308567, 19, 18)
(0.308697, 30, 16)
(0.308697, 32, 16)
(0.309009, 38, 17)
(0.309009, 40, 17)
(0.30964, 30, 12)
(0.30964, 32, 12)
(0.310248, 13, 1)
(0.310248, 19, 1)
(0.311672, 38, 28)
(0.311672, 40, 28)
(0.313433, 13, 0)
(0.313433, 19, 0)
(0.313967, 38, 8)
(0.313967, 40, 8)
(0.314169, 38, 6)
(0.314169, 40, 6)
(0.31424, 13, 10)
(0.314469, 30, 17)
(0.314469, 32, 17)
(0.314785, 36, 34)
(0.315829, 13, 11)
(0.315851, 36, 30)
(0.315851, 36, 32)
(0.316356, 41, 7)
(0.318011, 19, 15)
(0.320356, 38, 23)
(0.320714, 38, 14)
(0.320714, 40, 14)
(0.321943, 38, 18)
(0.322063, 46, 17)
(0.322678, 38, 5)
(0.322678, 40, 5)
(0.324926, 41, 2)
(0.32588, 18, 13)
(0.326002, 30, 5)
(0.326002, 32, 5)
(0.326309, 47, 5)
(0.328025, 40, 22)
(0.32852, 13, 8)
(0.328656, 51, 19)
(0.328849, 13, 6)
(0.331015, 27, 25)
(0.331923, 41, 9)
(0.332614, 19, 16)
(0.33267, 38, 36)
(0.33267, 40, 36)
(0.334222, 37, 22)
(0.33662, 19, 12)
(0.337943, 41, 4)
(0.338411, 35, 30)
(0.338411, 35, 32)
(0.338583, 40, 35)
(0.342458, 41, 27)
(0.344868, 41, 1)
(0.348433, 41, 39)
(0.349219, 41, 25)
(0.349569, 7, 5)
(0.35235, 41, 0)
(0.354143, 35, 34)
(0.354298, 41, 10)
(0.354298, 41, 20)
(0.355466, 41, 26)
(0.356044, 36, 17)
(0.357569, 19, 17)
(0.361849, 22, 16)
(0.362332, 35, 14)
(0.362565, 50, 19)
(0.364524, 41, 13)
(0.364524, 41, 19)
(0.36563, 41, 31)
(0.368096, 37, 35)
(0.368406, 41, 33)
(0.371395, 38, 13)
(0.371395, 38, 19)
(0.371395, 40, 13)
(0.371395, 40, 19)
(0.372775, 30, 13)
(0.372775, 30, 19)
(0.372775, 32, 13)
(0.372775, 32, 19)
(0.380442, 45, 40)
(0.381546, 41, 28)
(0.382258, 13, 12)
(0.383957, 41, 38)
(0.383957, 41, 40)
(0.389732, 40, 38)
(0.391677, 41, 8)
(0.391983, 35, 5)
(0.392594, 41, 6)
(0.392659, 49, 27)
(0.395703, 9, 5)
(0.399311, 22, 13)
(0.399311, 22, 19)
(0.401013, 43, 23)
(0.404179, 50, 47)
(0.413287, 5, 2)
(0.421048, 17, 16)
(0.42228, 18, 7)
(0.422303, 41, 23)
(0.428654, 41, 30)
(0.428654, 41, 32)
(0.432993, 38, 30)
(0.432993, 38, 32)
(0.432993, 40, 30)
(0.432993, 40, 32)
(0.433714, 47, 28)
(0.433861, 32, 30)
(0.444071, 29, 17)
(0.463067, 41, 22)
(0.492276, 44, 5)
(0.50357, 5, 0)
(0.505959, 35, 7)
(0.51143, 28, 27)
(0.513919, 46, 18)
(0.520489, 13, 5)
(0.520489, 19, 5)
(0.522921, 42, 37)
(0.524045, 27, 4)
(0.528535, 14, 5)
(0.546042, 46, 37)
(0.547026, 48, 43)
(0.551082, 27, 11)
(0.552521, 47, 33)
(0.557635, 46, 38)
(0.557635, 46, 40)
(0.559928, 16, 5)
(0.571373, 37, 18)
(0.572208, 22, 2)
(0.579996, 24, 22)
(0.580524, 47, 41)
(0.582303, 16, 2)
(0.58625, 49, 43)
(0.589649, 18, 5)
(0.592956, 51, 22)
(0.600214, 37, 12)
(0.600495, 17, 13)
(0.600977, 12, 7)
(0.609386, 17, 11)
(0.618957, 12, 5)
(0.626913, 36, 2)
(0.630568, 17, 7)
(0.642647, 17, 9)
(0.653994, 27, 5)
(0.666034, 25, 2)
(0.671662, 43, 33)
(0.680275, 26, 5)
(0.682224, 47, 27)
(0.686456, 27, 20)
(0.688463, 37, 17)
(0.690791, 37, 14)
(0.694098, 25, 23)
(0.69623, 41, 17)
(0.696915, 19, 13)
(0.702739, 44, 41)
(0.705521, 27, 1)
(0.709472, 39, 2)
(0.71595, 36, 18)
(0.718778, 17, 2)
(0.724943, 24, 17)
(0.729841, 12, 9)
(0.739404, 52, 41)
(0.743389, 14, 13)
(0.751602, 36, 7)
(0.754378, 22, 11)
(0.769958, 51, 41)
(0.794973, 43, 31)
(0.811443, 35, 29)
(0.823763, 35, 24)
(0.824597, 39, 5)
(0.831746, 35, 21)
(0.840191, 36, 29)
(0.849398, 50, 41)
(0.849789, 48, 27)
(0.853509, 49, 47)
(0.864049, 52, 27)
(0.868104, 22, 0)
(0.870138, 34, 12)
(0.870196, 36, 21)
(0.871695, 52, 5)
(0.878445, 17, 4)
(0.884278, 22, 5)
(0.893864, 17, 1)
(0.897284, 15, 13)
(0.904706, 42, 7)
(0.908381, 12, 3)
(0.914302, 50, 43)
(0.914881, 36, 24)
(0.918647, 27, 15)
(0.954799, 43, 11)
(0.957879, 17, 10)
(0.958068, 22, 15)
(0.967242, 45, 43)
(0.971567, 25, 17)
(0.989946, 48, 41)
(1.004273, 10, 5)
(1.005556, 29, 12)
(1.012767, 23, 6)
(1.015616, 12, 2)
(1.017076, 47, 31)
(1.018062, 28, 5)
(1.019754, 21, 17)
(1.021816, 18, 8)
(1.027691, 33, 5)
(1.040745, 16, 13)
(1.04508, 36, 22)
(1.047264, 52, 22)
(1.049738, 23, 3)
(1.050765, 43, 0)
(1.07524, 21, 12)
(1.085191, 44, 27)
(1.090268, 17, 0)
(1.101839, 22, 21)
(1.114615, 22, 8)
(1.126634, 46, 35)
(1.129057, 42, 14)
(1.150831, 27, 10)
(1.154544, 41, 5)
(1.16222, 51, 9)
(1.175473, 15, 5)
(1.18157, 16, 3)
(1.186788, 36, 9)
(1.191058, 29, 16)
(1.195376, 12, 4)
(1.196067, 22, 20)
(1.203963, 48, 47)
(1.204112, 51, 43)
(1.230184, 46, 29)
(1.248528, 8, 7)
(1.251538, 24, 16)
(1.260553, 35, 9)
(1.265502, 17, 5)
(1.27213, 21, 16)
(1.290954, 52, 7)
(1.306766, 22, 1)
(1.335625, 52, 43)
(1.342752, 39, 3)
(1.346179, 37, 23)
(1.347661, 36, 3)
(1.349795, 46, 7)
(1.358235, 27, 0)
(1.362355, 23, 4)
(1.366691, 17, 8)
(1.376544, 34, 6)
(1.380555, 37, 8)
(1.385017, 48, 5)
(1.403822, 27, 26)
(1.409756, 37, 36)
(1.413152, 46, 24)
(1.428049, 34, 8)
(1.434153, 51, 5)
(1.45459, 45, 23)
(1.468647, 35, 3)
(1.473905, 42, 22)
(1.484213, 42, 24)
(1.491081, 43, 10)
(1.491081, 43, 20)
(1.501719, 31, 27)
(1.508375, 46, 21)
(1.528831, 50, 34)
(1.531375, 50, 27)
(1.53226, 18, 2)
(1.549047, 12, 1)
(1.563122, 52, 9)
(1.57001, 42, 34)
(1.580211, 47, 0)
(1.580525, 42, 29)
(1.584757, 47, 1)
(1.590636, 26, 22)
(1.624684, 35, 2)
(1.628073, 50, 5)
(1.639476, 28, 23)
(1.64347, 49, 17)
(1.660216, 35, 4)
(1.662131, 42, 41)
(1.662667, 42, 21)
(1.667889, 39, 36)
(1.684811, 39, 7)
(1.689776, 12, 10)
(1.693852, 21, 15)
(1.698884, 11, 7)
(1.715838, 46, 3)
(1.724866, 43, 26)
(1.725416, 37, 6)
(1.753269, 42, 3)
(1.761275, 47, 22)
(1.771599, 37, 16)
(1.785874, 23, 21)
(1.808707, 44, 43)
(1.808765, 45, 37)
(1.820614, 42, 5)
(1.836424, 48, 37)
(1.844084, 12, 0)
(1.852055, 12, 11)
(1.879591, 18, 6)
(1.886957, 34, 14)
(1.90784, 49, 37)
(1.922978, 43, 25)
(1.961559, 46, 41)
(1.962442, 43, 1)
(1.965492, 24, 15)
(1.975829, 33, 12)
(1.977675, 34, 15)
(1.986804, 12, 6)
(1.987623, 36, 6)
(1.990807, 51, 47)
(1.99566, 27, 22)
(2.019605, 35, 1)
(2.024035, 34, 16)
(2.028501, 20, 9)
(2.039508, 43, 17)
(2.04791, 18, 9)
(2.099936, 35, 33)
(2.10636, 29, 14)
(2.125488, 36, 4)
(2.23534, 36, 10)
(2.247311, 47, 7)
(2.260066, 29, 15)
(2.260453, 27, 9)
(2.278991, 47, 11)
(2.306848, 50, 24)
(2.309777, 47, 10)
(2.309777, 47, 20)
(2.31593, 14, 7)
(2.319786, 43, 16)
(2.346562, 37, 28)
(2.350857, 36, 1)
(2.362265, 35, 26)
(2.386441, 47, 9)
(2.391276, 29, 22)
(2.397673, 44, 7)
(2.409238, 47, 26)
(2.431381, 35, 20)
(2.448917, 23, 5)
(2.457441, 50, 37)
(2.46225, 27, 16)
(2.471852, 37, 15)
(2.478832, 45, 7)
(2.482435, 46, 2)
(2.484631, 51, 27)
(2.551386, 49, 7)
(2.554209, 36, 25)
(2.568438, 29, 18)
(2.63621, 43, 27)
(2.648819, 24, 18)
(2.649803, 47, 43)
(2.690277, 44, 22)
(2.712678, 35, 25)
(2.715308, 36, 11)
(2.723526, 43, 4)
(2.73042, 25, 3)
(2.739679, 47, 17)
(2.748051, 48, 34)
(2.81058, 22, 18)
(2.839429, 28, 7)
(2.845978, 33, 23)
(2.853354, 33, 27)
(2.857948, 45, 29)
(2.866278, 9, 0)
(2.867692, 46, 36)
(2.8741, 29, 23)
(2.890697, 34, 28)
(2.89696, 51, 37)
(2.929713, 25, 7)
(2.933791, 8, 5)
(2.934434, 24, 14)
(2.957624, 51, 7)
(2.984084, 46, 5)
(2.989336, 33, 3)
(2.995615, 45, 21)
(3.002092, 44, 9)
(3.009093, 34, 27)
(3.032215, 34, 25)
(3.039771, 35, 10)
(3.064589, 50, 7)
(3.072891, 35, 0)
(3.080253, 48, 29)
(3.087094, 52, 37)
(3.109978, 47, 12)
(3.113633, 42, 35)
(3.139628, 52, 47)
(3.143474, 35, 11)
(3.168081, 49, 29)
(3.169987, 36, 20)
(3.170184, 36, 28)
(3.195824, 7, 6)
(3.198603, 45, 12)
(3.270418, 46, 9)
(3.288906, 26, 9)
(3.296385, 47, 4)
(3.300158, 18, 3)
(3.333941, 36, 0)
(3.33724, 45, 34)
(3.342422, 36, 27)
(3.354382, 37, 33)
(3.365802, 47, 15)
(3.368284, 9, 3)
(3.369076, 23, 2)
(3.394994, 49, 21)
(3.455771, 36, 26)
(3.537343, 43, 42)
(3.540295, 43, 9)
(3.570076, 29, 6)
(3.61102, 8, 3)
(3.613238, 37, 31)
(3.627562, 29, 8)
(3.635416, 21, 18)
(3.66388, 14, 3)
(3.683873, 50, 23)
(3.71455, 37, 0)
(3.726367, 37, 11)
(3.732091, 51, 34)
(3.766317, 48, 21)
(3.77976, 48, 7)
(3.795958, 11, 9)
(3.805394, 42, 9)
(3.808808, 20, 12)
(3.81595, 47, 44)
(3.816915, 34, 23)
(3.819014, 28, 24)
(3.824829, 44, 37)
(3.825632, 33, 29)
(3.828331, 50, 29)
(3.829162, 31, 7)
(3.835949, 46, 4)
(3.916558, 21, 14)
(3.932586, 28, 21)
(3.950444, 36, 31)
(3.969745, 45, 24)
(3.977779, 18, 17)
(4.013432, 18, 4)
(4.037827, 35, 31)
(4.039846, 26, 7)
(4.042929, 39, 24)
(4.050316, 49, 23)
(4.051945, 43, 2)
(4.052562, 7, 0)
(4.053038, 27, 2)
(4.053581, 25, 12)
(4.06218, 31, 29)
(4.079031, 49, 24)
(4.093292, 51, 21)
(4.102361, 50, 21)
(4.127976, 47, 18)
(4.137906, 6, 3)
(4.17646, 23, 10)
(4.214663, 20, 7)
(4.22117, 24, 6)
(4.22915, 33, 7)
(4.239388, 34, 31)
(4.243217, 39, 37)
(4.251693, 36, 33)
(4.280726, 49, 9)
(4.293665, 31, 21)
(4.295963, 24, 8)
(4.324796, 36, 14)
(4.340832, 51, 29)
(4.36766, 27, 7)
(4.393363, 34, 33)
(4.39852, 26, 17)
(4.411719, 48, 24)
(4.419868, 44, 17)
(4.463652, 52, 34)
(4.50241, 39, 18)
(4.53862, 4, 2)
(4.539908, 33, 21)
(4.559239, 52, 29)
(4.589298, 24, 23)
(4.592229, 18, 1)
(4.642535, 47, 2)
(4.647765, 9, 1)
(4.690616, 52, 17)
(4.708552, 7, 1)
(4.708552, 34, 1)
(4.72015, 49, 34)
(4.762158, 52, 12)
(4.815042, 26, 21)
(4.83375, 21, 8)
(4.838854, 34, 10)
(4.861693, 46, 25)
(4.873117, 37, 10)
(4.885509, 52, 21)
(4.938253, 23, 17)
(4.9387, 28, 18)
(4.953091, 27, 17)
(4.997377, 25, 24)
(5.000503, 44, 12)
(5.003228, 46, 11)
(5.095776, 33, 24)
(5.096176, 48, 3)
(5.104625, 46, 1)
(5.115485, 50, 9)
(5.153845, 52, 36)
(5.155059, 51, 24)
(5.165312, 34, 0)
(5.174876, 14, 2)
(5.181954, 47, 16)
(5.189354, 20, 17)
(5.209151, 39, 34)
(5.212595, 23, 1)
(5.264177, 35, 6)
(5.312025, 29, 28)
(5.325126, 18, 10)
(5.351844, 45, 18)
(5.358897, 44, 34)
(5.37827, 7, 4)
(5.38732, 37, 1)
(5.430159, 31, 24)
(5.432568, 35, 28)
(5.452335, 27, 24)
(5.458647, 43, 3)
(5.463595, 44, 29)
(5.465418, 28, 3)
(5.492173, 46, 20)
(5.527545, 47, 37)
(5.545575, 42, 2)
(5.553054, 43, 15)
(5.557403, 31, 23)
(5.559855, 48, 17)
(5.561203, 14, 9)
(5.568726, 31, 12)
(5.609085, 36, 8)
(5.618058, 27, 3)
(5.628654, 45, 36)
(5.681486, 39, 17)
(5.702377, 26, 12)
(5.705492, 39, 21)
(5.726536, 46, 27)
(5.758932, 47, 3)
(5.816567, 44, 21)
(5.873273, 21, 6)
(5.933752, 14, 4)
(5.956416, 42, 4)
(6.003484, 39, 29)
(6.004437, 39, 23)
(6.018929, 52, 24)
(6.039374, 48, 23)
(6.082062, 7, 2)
(6.118524, 51, 17)
(6.228765, 45, 3)
(6.256289, 42, 25)
(6.267215, 7, 3)
(6.308142, 9, 8)
(6.315829, 26, 24)
(6.323851, 29, 0)
(6.387638, 43, 7)
(6.452437, 45, 9)
(6.454822, 46, 6)
(6.462401, 46, 26)
(6.473435, 18, 11)
(6.481969, 37, 4)
(6.491401, 34, 26)
(6.516067, 31, 17)
(6.517526, 51, 12)
(6.540317, 42, 1)
(6.606335, 37, 27)
(6.611132, 27, 21)
(6.615755, 46, 44)
(6.628709, 42, 8)
(6.633028, 42, 23)
(6.646436, 34, 9)
(6.656799, 29, 11)
(6.66882, 46, 0)
(6.7498, 50, 17)
(6.809842, 34, 2)
(6.819243, 50, 3)
(6.824328, 34, 18)
(6.830097, 21, 0)
(6.838405, 33, 17)
(6.845484, 21, 1)
(6.904549, 25, 21)
(7.040604, 44, 24)
(7.081025, 16, 15)
(7.099655, 47, 21)
(7.102676, 35, 18)
(7.142441, 47, 34)
(7.162928, 29, 10)
(7.196305, 46, 45)
(7.205342, 43, 34)
(7.256677, 28, 9)
(7.274396, 3, 1)
(7.309239, 18, 0)
(7.319488, 34, 7)
(7.319837, 46, 10)
(7.331647, 51, 36)
(7.366786, 31, 3)
(7.41595, 47, 29)
(7.419883, 34, 20)
(7.463202, 42, 6)
(7.477771, 35, 23)
(7.483153, 50, 12)
(7.550704, 10, 9)
(7.567868, 14, 1)
(7.613567, 10, 7)
(7.614695, 31, 9)
(7.662105, 50, 2)
(7.670577, 23, 0)
(7.679508, 24, 2)
(7.838976, 9, 2)
(7.896406, 45, 2)
(7.961163, 2, 1)
(7.978053, 10, 3)
(7.994012, 37, 2)
(8.001406, 8, 2)
(8.099437, 23, 11)
(8.144223, 49, 12)
(8.176292, 34, 4)
(8.221534, 23, 20)
(8.259008, 24, 0)
(8.277954, 46, 31)
(8.288312, 24, 11)
(8.307612, 37, 25)
(8.365579, 48, 12)
(8.397283, 29, 20)
(8.553588, 48, 36)
(8.568461, 29, 1)
(8.583125, 37, 9)
(8.589399, 28, 2)
(8.620393, 24, 1)
(8.68565, 6, 2)
(8.711461, 47, 24)
(8.754449, 39, 12)
(8.812549, 28, 12)
(8.854692, 20, 18)
(8.873329, 34, 11)
(8.875408, 23, 22)
(8.891055, 39, 16)
(8.933896, 21, 20)
(8.985716, 44, 36)
(8.989099, 35, 12)
(9.010026, 42, 20)
(9.132385, 49, 2)
(9.167184, 51, 3)
(9.180982, 23, 12)
(9.315325, 26, 18)
(9.317028, 26, 3)
(9.349762, 42, 10)
(9.351729, 48, 9)
(9.352159, 43, 39)
(9.365234, 9, 7)
(9.372687, 37, 26)
(9.470176, 42, 36)
(9.482438, 10, 2)
(9.497384, 49, 36)
(9.500062, 47, 23)
(9.572134, 49, 3)
(9.593796, 45, 42)
(9.614679, 33, 9)
(9.647965, 29, 26)
(9.718927, 33, 2)
(9.748274, 52, 3)
(9.762596, 25, 9)
(9.765408, 21, 11)
(9.781653, 29, 4)
(9.829642, 46, 33)
(9.934541, 46, 28)
(9.945026, 42, 28)
(9.985849, 37, 3)
(10.097185, 24, 10)
(10.236447, 20, 3)
(10.331578, 25, 18)
(10.333446, 47, 35)
(10.349574, 29, 27)
(10.388532, 21, 10)
(10.438669, 22, 17)
(10.456355, 21, 4)
(10.477053, 43, 24)
(10.569227, 4, 3)
(10.62858, 39, 22)
(10.63198, 42, 39)
(10.670062, 52, 18)
(10.724067, 43, 37)
(10.763009, 24, 3)
(10.815887, 37, 20)
(10.923735, 27, 8)
(10.929573, 46, 8)
(10.974214, 29, 9)
(10.990708, 44, 18)
(11.045336, 42, 11)
(11.048805, 29, 2)
(11.145424, 44, 3)
(11.239718, 8, 4)
(11.277751, 45, 4)
(11.289943, 14, 10)
(11.346658, 24, 20)
(11.349153, 9, 4)
(11.380559, 8, 1)
(11.560355, 42, 26)
(11.612073, 52, 35)
(11.630775, 33, 18)
(11.687384, 42, 17)
(11.787444, 14, 0)
(11.794758, 44, 4)
(11.865292, 21, 2)
(11.901037, 25, 8)
(11.944113, 24, 7)
(12.01596, 48, 2)
(12.029051, 49, 35)
(12.154228, 3, 0)
(12.228291, 11, 4)
(12.351851, 37, 34)
(12.372947, 42, 0)
(12.451398, 43, 21)
(12.46079, 24, 4)
(12.485815, 29, 25)
(12.508909, 44, 35)
(12.553972, 25, 11)
(12.555652, 51, 23)
(12.66881, 44, 25)
(12.717251, 31, 2)
(12.731557, 24, 9)
(12.790395, 43, 29)
(12.826177, 45, 1)
(12.830115, 10, 4)
(12.8665, 26, 23)
(12.875034, 26, 4)
(13.051054, 42, 33)
(13.082439, 52, 25)
(13.102698, 49, 46)
(13.268434, 21, 9)
(13.323561, 6, 1)
(13.325625, 25, 0)
(13.348004, 51, 2)
(13.356269, 51, 4)
(13.366584, 14, 11)
(13.529466, 29, 3)
(13.705413, 51, 35)
(13.725432, 20, 2)
(13.729787, 51, 25)
(13.752013, 25, 14)
(13.774356, 50, 36)
(13.822372, 49, 18)
(13.914565, 26, 2)
(13.97685, 45, 8)
(14.010796, 21, 7)
(14.032063, 34, 21)
(14.051502, 26, 25)
(14.072181, 42, 18)
(14.224707, 45, 25)
(14.240152, 6, 4)
(14.372635, 8, 6)
(14.411592, 34, 29)
(14.430426, 21, 3)
(14.494955, 51, 18)
(14.597458, 46, 14)
(14.635645, 11, 3)
(14.691599, 29, 7)
(14.715127, 9, 6)
(14.846522, 28, 4)
(14.884586, 18, 12)
(14.895386, 42, 12)
(15.119464, 50, 35)
(15.304293, 20, 4)
(15.320818, 4, 0)
(15.37854, 28, 1)
(15.49628, 34, 3)
(15.540808, 31, 18)
(15.565931, 52, 2)
(15.589357, 25, 20)
(15.627197, 42, 31)
(15.697033, 52, 4)
(15.717329, 48, 18)
(15.724727, 33, 4)
(15.753813, 25, 1)
(15.93698, 39, 15)
(16.31718, 52, 46)
(16.488003, 33, 1)
(16.604472, 28, 8)
(16.69727, 44, 2)
(16.855112, 25, 4)
(16.95825, 50, 18)
(17.14382, 52, 23)
(17.195873, 51, 46)
(17.200594, 28, 25)
(17.621245, 48, 35)
(17.761153, 45, 10)
(17.761153, 45, 20)
(18.055648, 4, 1)
(18.284557, 37, 21)
(18.366606, 47, 46)
(18.371682, 25, 10)
(18.381817, 45, 44)
(18.734418, 48, 4)
(18.762521, 49, 25)
(18.978733, 34, 24)
(19.000105, 20, 14)
(19.175228, 14, 8)
(19.271379, 37, 24)
(19.420202, 8, 0)
(19.494227, 24, 21)
(19.601279, 31, 4)
(19.635236, 26, 14)
(19.677888, 48, 1)
(19.683607, 3, 2)
(19.688248, 11, 2)
(19.746792, 23, 18)
(19.768521, 37, 7)
(19.83823, 50, 4)
(20.316728, 29, 24)
(20.318323, 33, 25)
(20.365257, 37, 29)
(20.63871, 14, 6)
(20.725147, 45, 26)
(21.040056, 44, 23)
(21.595022, 50, 1)
(21.772134, 49, 1)
(21.782372, 6, 0)
(21.906659, 10, 8)
(21.921425, 48, 25)
(22.201968, 31, 25)
(22.553571, 29, 21)
(23.095481, 27, 14)
(23.127526, 44, 14)
(23.284349, 45, 11)
(23.432308, 28, 10)
(23.539756, 49, 4)
(23.587065, 28, 11)
(23.609807, 48, 46)
(23.650671, 2, 0)
(23.813975, 45, 0)
(23.821313, 45, 35)
(24.074417, 33, 10)
(24.496547, 49, 42)
(24.717022, 28, 20)
(24.774259, 31, 1)
(25.335073, 25, 6)
(25.513403, 26, 8)
(25.577695, 49, 10)
(25.666517, 28, 0)
(25.741289, 28, 26)
(26.014434, 52, 14)
(26.233345, 33, 20)
(26.569412, 45, 33)
(26.659738, 50, 10)
(26.82976, 44, 42)
(26.873244, 50, 46)
(27.610518, 20, 8)
(27.765883, 49, 26)
(27.906498, 49, 8)
(27.966082, 45, 14)
(28.120631, 49, 14)
(28.12811, 50, 11)
(28.377462, 52, 42)
(28.476212, 49, 44)
(28.520828, 33, 11)
(28.572235, 31, 14)
(28.668255, 49, 20)
(28.72657, 50, 25)
(28.884597, 51, 14)
(29.020359, 51, 8)
(29.093613, 50, 44)
(29.292536, 51, 1)
(29.414489, 31, 8)
(29.511796, 31, 10)
(29.634007, 11, 8)
(29.898142, 33, 26)
(30.078212, 50, 20)
(30.19897, 11, 1)
(30.231599, 26, 1)
(30.479434, 10, 6)
(30.750728, 48, 10)
(30.856796, 50, 8)
(31.171205, 44, 1)
(31.39416, 51, 42)
(31.400453, 52, 1)
(31.422068, 26, 6)
(31.579823, 45, 31)
(31.706303, 33, 0)
(31.74568, 44, 8)
(32.027282, 50, 14)
(32.150677, 52, 10)
(32.302209, 48, 44)
(32.360836, 20, 1)
(32.419811, 48, 20)
(32.523855, 51, 10)
(32.830013, 50, 26)
(32.892422, 20, 6)
(33.305853, 10, 1)
(33.613659, 49, 0)
(33.940975, 33, 6)
(34.196921, 48, 14)
(34.624648, 52, 45)
(34.7397, 48, 8)
(34.788729, 26, 10)
(34.80039, 50, 42)
(35.189215, 44, 33)
(35.211445, 52, 8)
(35.240387, 48, 11)
(35.523765, 33, 8)
(35.619597, 33, 14)
(35.786214, 48, 26)
(35.980112, 44, 6)
(36.110266, 11, 6)
(36.11241, 11, 10)
(36.318581, 50, 0)
(36.331783, 52, 6)
(36.389741, 20, 10)
(36.536586, 52, 33)
(36.634128, 31, 11)
(36.692256, 49, 11)
(36.771928, 33, 28)
(37.345733, 48, 42)
(37.590715, 52, 28)
(37.79092, 45, 28)
(37.869128, 49, 28)
(38.221619, 31, 20)
(39.00007, 49, 33)
(39.050021, 31, 26)
(39.05986, 10, 0)
(39.369217, 1, 0)
(39.560578, 48, 0)
(39.912231, 51, 33)
(40.024463, 51, 44)
(40.304458, 49, 6)
(40.962384, 51, 28)
(41.145085, 52, 50)
(41.162339, 51, 45)
(41.168629, 45, 6)
(41.515308, 44, 10)
(41.612658, 51, 6)
(41.657623, 28, 14)
(41.686181, 44, 28)
(41.996465, 31, 0)
(42.275154, 51, 20)
(42.312685, 49, 31)
(43.662981, 52, 31)
(44.244364, 52, 44)
(44.710132, 49, 45)
(44.945629, 52, 26)
(45.046722, 33, 31)
(45.190926, 51, 11)
(45.549193, 50, 33)
(45.940949, 52, 20)
(46.089793, 50, 6)
(46.270426, 26, 0)
(46.877735, 44, 31)
(47.087836, 26, 11)
(47.503972, 51, 50)
(47.533921, 51, 26)
(47.547236, 11, 0)
(48.177785, 31, 6)
(48.372879, 20, 0)
(48.390179, 31, 28)
(48.720656, 48, 45)
(49.536719, 51, 49)
(49.955712, 50, 45)
(49.966751, 44, 0)
(50.406647, 52, 0)
(50.882723, 20, 11)
(51.064726, 52, 11)
(51.110062, 52, 48)
(51.752981, 51, 0)
(51.979938, 50, 31)
(52.022982, 48, 6)
(52.044742, 52, 49)
(52.520587, 49, 48)
(53.171431, 48, 28)
(53.813772, 51, 31)
(54.276797, 48, 33)
(54.51111, 44, 11)
(55.301026, 51, 48)
(55.434274, 50, 28)
(55.561311, 48, 31)
(55.712109, 50, 49)
(56.781792, 52, 51)
(56.914939, 44, 26)
(57.624982, 26, 20)
(59.693051, 50, 48)
(59.879318, 44, 20)
(61.358114, 28, 6)
