0.000000	0.000000	0.000000	0.000000	0.000000	0.000000	0.000000	0.000000	0.000000	0.000000	0.000000	0.000000	0.000000	0.000000	0.000000	0.000000	0.000000	0.000000	0.000000	0.000000	0.000000	0.000000	0.000000	0.000000	0.000000	0.000000	0.000000	0.000000	0.000000	0.000000	0.000000	0.000000	0.000000	0.000000	0.000000	0.000000	0.000000	0.000000	0.000000	0.000000	0.000000	0.000000	0.000000	0.000000	0.000000	0.000000	0.000000	0.000000	0.000000	0.000000	0.000000	0.000000	0.000000	0.000000	0.000000	0.000000	0.000000	0.000000
39.369217	0.000000	0.000000	0.000000	0.000000	0.000000	0.000000	0.000000	0.000000	0.000000	0.000000	0.000000	0.000000	0.000000	0.000000	0.000000	0.000000	0.000000	0.000000	0.000000	0.000000	0.000000	0.000000	0.000000	0.000000	0.000000	0.000000	0.000000	0.000000	0.000000	0.000000	0.000000	0.000000	0.000000	0.000000	0.000000	0.000000	0.000000	0.000000	0.000000	0.000000	0.000000	0.000000	0.000000	0.000000	0.000000	0.000000	0.000000	0.000000	0.000000	0.000000	0.000000	0.000000	0.000000	0.000000	0.000000	0.000000	0.000000
23.650671	7.961163	0.000000	0.000000	0.000000	0.000000	0.000000	0.000000	0.000000	0.000000	0.000000	0.000000	0.000000	0.000000	0.000000	0.000000	0.000000	0.000000	0.000000	0.000000	0.000000	0.000000	0.000000	0.000000	0.000000	0.000000	0.000000	0.000000	0.000000	0.000000	0.000000	0.000000	0.000000	0.000000	0.000000	0.000000	0.000000	0.000000	0.000000	0.000000	0.000000	0.000000	0.000000	0.000000	0.000000	0.000000	0.000000	0.000000	0.000000	0.000000	0.000000	0.000000	0.000000	0.000000	0.000000	0.000000	0.000000	0.000000
12.154228	7.274396	19.683607	0.000000	0.000000	0.000000	0.000000	0.000000	0.000000	0.000000	0.000000	0.000000	0.000000	0.000000	0.000000	0.000000	0.000000	0.000000	0.000000	0.000000	0.000000	0.000000	0.000000	0.000000	0.000000	0.000000	0.000000	0.000000	0.000000	0.000000	0.000000	0.000000	0.000000	0.000000	0.000000	0.000000	0.000000	0.000000	0.000000	0.000000	0.000000	0.000000	0.000000	0.000000	0.000000	0.000000	0.000000	0.000000	0.000000	0.000000	0.000000	0.000000	0.000000	0.000000	0.000000	0.000000	0.000000	0.000000
15.320818	18.055648	4.538620	10.569227	0.000000	0.000000	0.000000	0.000000	0.000000	0.000000	0.000000	0.000000	0.000000	0.000000	0.000000	0.000000	0.000000	0.000000	0.000000	0.000000	0.000000	0.000000	0.000000	0.000000	0.000000	0.000000	0.000000	0.000000	0.000000	0.000000	0.000000	0.000000	0.000000	0.000000	0.000000	0.000000	0.000000	0.000000	0.000000	0.000000	0.000000	0.000000	0.000000	0.000000	0.000000	0.000000	0.000000	0.000000	0.000000	0.000000	0.000000	0.000000	0.000000	0.000000	0.000000	0.000000	0.000000	0.000000
0.503570	0.297446	0.413287	-0.661270	-0.430038	0.000000	0.000000	0.000000	0.000000	0.000000	0.000000	0.000000	0.000000	0.000000	0.000000	0.000000	0.000000	0.000000	0.000000	0.000000	0.000000	0.000000	0.000000	0.000000	0.000000	0.000000	0.000000	0.000000	0.000000	0.000000	0.000000	0.000000	0.000000	0.000000	0.000000	0.000000	0.000000	0.000000	0.000000	0.000000	0.000000	0.000000	0.000000	0.000000	0.000000	0.000000	0.000000	0.000000	0.000000	0.000000	0.000000	0.000000	0.000000	0.000000	0.000000	0.000000	0.000000	0.000000
21.782372	13.323561	8.685650	4.137906	14.240152	-0.387049	0.000000	0.000000	0.000000	0.000000	0.000000	0.000000	0.000000	0.000000	0.000000	0.000000	0.000000	0.000000	0.000000	0.000000	0.000000	0.000000	0.000000	0.000000	0.000000	0.000000	0.000000	0.000000	0.000000	0.000000	0.000000	0.000000	0.000000	0.000000	0.000000	0.000000	0.000000	0.000000	0.000000	0.000000	0.000000	0.000000	0.000000	0.000000	0.000000	0.000000	0.000000	0.000000	0.000000	0.000000	0.000000	0.000000	0.000000	0.000000	0.000000	0.000000	0.000000	0.000000
0.839538	0.764730	0.592945	0.562921	0.700409	-0.325690	-1.183898	0.000000	0.000000	0.000000	0.000000	0.000000	0.000000	0.000000	0.000000	0.000000	0.000000	0.000000	0.000000	0.000000	0.000000	0.000000	0.000000	0.000000	0.000000	0.000000	0.000000	0.000000	0.000000	0.000000	0.000000	0.000000	0.000000	0.000000	0.000000	0.000000	0.000000	0.000000	0.000000	0.000000	0.000000	0.000000	0.000000	0.000000	0.000000	0.000000	0.000000	0.000000	0.000000	0.000000	0.000000	0.000000	0.000000	0.000000	0.000000	0.000000	0.000000	0.000000
4.052562	4.708552	6.082062	6.267215	5.378270	0.349569	3.195824	0.998105	0.000000	0.000000	0.000000	0.000000	0.000000	0.000000	0.000000	0.000000	0.000000	0.000000	0.000000	0.000000	0.000000	0.000000	0.000000	0.000000	0.000000	0.000000	0.000000	0.000000	0.000000	0.000000	0.000000	0.000000	0.000000	0.000000	0.000000	0.000000	0.000000	0.000000	0.000000	0.000000	0.000000	0.000000	0.000000	0.000000	0.000000	0.000000	0.000000	0.000000	0.000000	0.000000	0.000000	0.000000	0.000000	0.000000	0.000000	0.000000	0.000000	0.000000
19.420202	11.380559	8.001406	3.611020	11.239718	2.933791	14.372635	8.268816	1.248528	0.000000	0.000000	0.000000	0.000000	0.000000	0.000000	0.000000	0.000000	0.000000	0.000000	0.000000	0.000000	0.000000	0.000000	0.000000	0.000000	0.000000	0.000000	0.000000	0.000000	0.000000	0.000000	0.000000	0.000000	0.000000	0.000000	0.000000	0.000000	0.000000	0.000000	0.000000	0.000000	0.000000	0.000000	0.000000	0.000000	0.000000	0.000000	0.000000	0.000000	0.000000	0.000000	0.000000	0.000000	0.000000	0.000000	0.000000	0.000000	0.000000
2.866278	4.647765	7.838976	3.368284	11.349153	0.395703	14.715127	2.855152	9.365234	6.308142	0.000000	0.000000	0.000000	0.000000	0.000000	0.000000	0.000000	0.000000	0.000000	0.000000	0.000000	0.000000	0.000000	0.000000	0.000000	0.000000	0.000000	0.000000	0.000000	0.000000	0.000000	0.000000	0.000000	0.000000	0.000000	0.000000	0.000000	0.000000	0.000000	0.000000	0.000000	0.000000	0.000000	0.000000	0.000000	0.000000	0.000000	0.000000	0.000000	0.000000	0.000000	0.000000	0.000000	0.000000	0.000000	0.000000	0.000000	0.000000
39.059860	33.305853	9.482438	7.978053	12.830115	1.004273	30.479434	2.983649	7.613567	21.906659	7.550704	0.000000	0.000000	0.000000	0.000000	0.000000	0.000000	0.000000	0.000000	0.000000	0.000000	0.000000	0.000000	0.000000	0.000000	0.000000	0.000000	0.000000	0.000000	0.000000	0.000000	0.000000	0.000000	0.000000	0.000000	0.000000	0.000000	0.000000	0.000000	0.000000	0.000000	0.000000	0.000000	0.000000	0.000000	0.000000	0.000000	0.000000	0.000000	0.000000	0.000000	0.000000	0.000000	0.000000	0.000000	0.000000	0.000000	0.000000
47.547236	30.198970	19.688248	14.635645	12.228291	-0.935011	36.110266	5.265345	1.698884	29.634007	3.795958	36.112410	0.000000	0.000000	0.000000	0.000000	0.000000	0.000000	0.000000	0.000000	0.000000	0.000000	0.000000	0.000000	0.000000	0.000000	0.000000	0.000000	0.000000	0.000000	0.000000	0.000000	0.000000	0.000000	0.000000	0.000000	0.000000	0.000000	0.000000	0.000000	0.000000	0.000000	0.000000	0.000000	0.000000	0.000000	0.000000	0.000000	0.000000	0.000000	0.000000	0.000000	0.000000	0.000000	0.000000	0.000000	0.000000	0.000000
1.844084	1.549047	1.015616	0.908381	1.195376	0.618957	1.986804	-0.535314	0.600977	-1.254895	0.729841	1.689776	1.852055	0.000000	0.000000	0.000000	0.000000	0.000000	0.000000	0.000000	0.000000	0.000000	0.000000	0.000000	0.000000	0.000000	0.000000	0.000000	0.000000	0.000000	0.000000	0.000000	0.000000	0.000000	0.000000	0.000000	0.000000	0.000000	0.000000	0.000000	0.000000	0.000000	0.000000	0.000000	0.000000	0.000000	0.000000	0.000000	0.000000	0.000000	0.000000	0.000000	0.000000	0.000000	0.000000	0.000000	0.000000	0.000000
0.313433	0.310248	0.300887	0.298754	0.307161	0.520489	0.328849	0.307578	0.296317	0.328520	0.304346	0.314240	0.315829	0.382258	0.000000	0.000000	0.000000	0.000000	0.000000	0.000000	0.000000	0.000000	0.000000	0.000000	0.000000	0.000000	0.000000	0.000000	0.000000	0.000000	0.000000	0.000000	0.000000	0.000000	0.000000	0.000000	0.000000	0.000000	0.000000	0.000000	0.000000	0.000000	0.000000	0.000000	0.000000	0.000000	0.000000	0.000000	0.000000	0.000000	0.000000	0.000000	0.000000	0.000000	0.000000	0.000000	0.000000	0.000000
11.787444	7.567868	5.174876	3.663880	5.933752	0.528535	20.638710	-2.428881	2.315930	19.175228	5.561203	11.289943	13.366584	-1.862353	0.743389	0.000000	0.000000	0.000000	0.000000	0.000000	0.000000	0.000000	0.000000	0.000000	0.000000	0.000000	0.000000	0.000000	0.000000	0.000000	0.000000	0.000000	0.000000	0.000000	0.000000	0.000000	0.000000	0.000000	0.000000	0.000000	0.000000	0.000000	0.000000	0.000000	0.000000	0.000000	0.000000	0.000000	0.000000	0.000000	0.000000	0.000000	0.000000	0.000000	0.000000	0.000000	0.000000	0.000000
-17.455860	-10.282287	-2.566949	-1.042815	-8.734582	1.175473	-19.923580	-1.791630	-0.297690	-9.452295	-2.480266	-11.722227	-12.732673	-1.083153	0.897284	-7.034620	0.000000	0.000000	0.000000	0.000000	0.000000	0.000000	0.000000	0.000000	0.000000	0.000000	0.000000	0.000000	0.000000	0.000000	0.000000	0.000000	0.000000	0.000000	0.000000	0.000000	0.000000	0.000000	0.000000	0.000000	0.000000	0.000000	0.000000	0.000000	0.000000	0.000000	0.000000	0.000000	0.000000	0.000000	0.000000	0.000000	0.000000	0.000000	0.000000	0.000000	0.000000	0.000000
-5.556754	-8.653522	0.582303	1.181570	-1.018239	0.559928	-5.789822	0.890097	-0.619233	-1.375717	-0.391522	-6.778484	-4.030828	-1.322131	1.040745	-3.420873	7.081025	0.000000	0.000000	0.000000	0.000000	0.000000	0.000000	0.000000	0.000000	0.000000	0.000000	0.000000	0.000000	0.000000	0.000000	0.000000	0.000000	0.000000	0.000000	0.000000	0.000000	0.000000	0.000000	0.000000	0.000000	0.000000	0.000000	0.000000	0.000000	0.000000	0.000000	0.000000	0.000000	0.000000	0.000000	0.000000	0.000000	0.000000	0.000000	0.000000	0.000000	0.000000
1.090268	0.893864	0.718778	-0.542837	0.878445	1.265502	-0.944119	6.514239	0.630568	1.366691	0.642647	0.957879	0.609386	0.291249	0.600495	-0.470539	-0.575684	0.421048	0.000000	0.000000	0.000000	0.000000	0.000000	0.000000	0.000000	0.000000	0.000000	0.000000	0.000000	0.000000	0.000000	0.000000	0.000000	0.000000	0.000000	0.000000	0.000000	0.000000	0.000000	0.000000	0.000000	0.000000	0.000000	0.000000	0.000000	0.000000	0.000000	0.000000	0.000000	0.000000	0.000000	0.000000	0.000000	0.000000	0.000000	0.000000	0.000000	0.000000
7.309239	4.592229	1.532260	3.300158	4.013432	0.589649	1.879591	9.502510	0.422280	1.021816	2.047910	5.325126	6.473435	14.884586	0.325880	-0.640927	-4.368539	-1.289424	3.977779	0.000000	0.000000	0.000000	0.000000	0.000000	0.000000	0.000000	0.000000	0.000000	0.000000	0.000000	0.000000	0.000000	0.000000	0.000000	0.000000	0.000000	0.000000	0.000000	0.000000	0.000000	0.000000	0.000000	0.000000	0.000000	0.000000	0.000000	0.000000	0.000000	0.000000	0.000000	0.000000	0.000000	0.000000	0.000000	0.000000	0.000000	0.000000	0.000000
0.313433	0.310248	0.300887	-0.303318	-0.294984	0.520489	0.296815	0.307578	-0.305795	0.296482	-0.297739	-0.288210	-0.286719	0.336620	0.696915	0.306824	0.318011	0.332614	0.357569	0.308567	0.000000	0.000000	0.000000	0.000000	0.000000	0.000000	0.000000	0.000000	0.000000	0.000000	0.000000	0.000000	0.000000	0.000000	0.000000	0.000000	0.000000	0.000000	0.000000	0.000000	0.000000	0.000000	0.000000	0.000000	0.000000	0.000000	0.000000	0.000000	0.000000	0.000000	0.000000	0.000000	0.000000	0.000000	0.000000	0.000000	0.000000	0.000000
48.372879	32.360836	13.725432	10.236447	15.304293	-0.364363	32.892422	4.894546	4.214663	27.610518	2.028501	36.389741	50.882723	3.808808	-0.726904	19.000105	-25.735822	-12.855165	5.189354	8.854692	-0.726904	0.000000	0.000000	0.000000	0.000000	0.000000	0.000000	0.000000	0.000000	0.000000	0.000000	0.000000	0.000000	0.000000	0.000000	0.000000	0.000000	0.000000	0.000000	0.000000	0.000000	0.000000	0.000000	0.000000	0.000000	0.000000	0.000000	0.000000	0.000000	0.000000	0.000000	0.000000	0.000000	0.000000	0.000000	0.000000	0.000000	0.000000
6.830097	6.845484	11.865292	14.430426	10.456355	-0.690842	5.873273	0.778678	14.010796	4.833750	13.268434	10.388532	9.765408	1.075240	-0.926294	3.916558	1.693852	1.272130	1.019754	3.635416	-0.926294	8.933896	0.000000	0.000000	0.000000	0.000000	0.000000	0.000000	0.000000	0.000000	0.000000	0.000000	0.000000	0.000000	0.000000	0.000000	0.000000	0.000000	0.000000	0.000000	0.000000	0.000000	0.000000	0.000000	0.000000	0.000000	0.000000	0.000000	0.000000	0.000000	0.000000	0.000000	0.000000	0.000000	0.000000	0.000000	0.000000	0.000000
0.868104	1.306766	0.572208	-0.709850	-0.530077	0.884278	-4.119530	7.945123	-0.973559	1.114615	-2.315623	-0.321836	0.754378	-0.556194	0.399311	-2.767020	0.958068	0.361849	10.438669	2.810580	0.399311	1.196067	1.101839	0.000000	0.000000	0.000000	0.000000	0.000000	0.000000	0.000000	0.000000	0.000000	0.000000	0.000000	0.000000	0.000000	0.000000	0.000000	0.000000	0.000000	0.000000	0.000000	0.000000	0.000000	0.000000	0.000000	0.000000	0.000000	0.000000	0.000000	0.000000	0.000000	0.000000	0.000000	0.000000	0.000000	0.000000	0.000000
7.670577	5.212595	3.369076	1.049738	1.362355	2.448917	1.012767	2.499971	-0.735885	0.300921	-0.892787	4.176460	8.099437	9.180982	-0.297692	-2.677347	-0.828328	-1.541589	4.938253	19.746792	-0.297692	8.221534	1.785874	8.875408	0.000000	0.000000	0.000000	0.000000	0.000000	0.000000	0.000000	0.000000	0.000000	0.000000	0.000000	0.000000	0.000000	0.000000	0.000000	0.000000	0.000000	0.000000	0.000000	0.000000	0.000000	0.000000	0.000000	0.000000	0.000000	0.000000	0.000000	0.000000	0.000000	0.000000	0.000000	0.000000	0.000000	0.000000
8.259008	8.620393	7.679508	10.763009	12.460790	-1.002421	4.221170	0.225419	11.944113	4.295963	12.731557	10.097185	8.288312	0.221925	-1.912823	2.934434	1.965492	1.251538	0.724943	2.648819	-1.912823	11.346658	19.494227	0.579996	4.589298	0.000000	0.000000	0.000000	0.000000	0.000000	0.000000	0.000000	0.000000	0.000000	0.000000	0.000000	0.000000	0.000000	0.000000	0.000000	0.000000	0.000000	0.000000	0.000000	0.000000	0.000000	0.000000	0.000000	0.000000	0.000000	0.000000	0.000000	0.000000	0.000000	0.000000	0.000000	0.000000	0.000000
0.730900	0.672526	0.536593	0.512484	0.621974	-0.305285	-1.075415	10.373575	0.487700	1.096139	0.580879	0.682790	0.779069	-0.497620	0.326819	-0.922211	-0.764427	0.701146	4.989630	1.450356	0.326819	0.746721	0.399479	1.650691	0.964123	0.426922	0.000000	0.000000	0.000000	0.000000	0.000000	0.000000	0.000000	0.000000	0.000000	0.000000	0.000000	0.000000	0.000000	0.000000	0.000000	0.000000	0.000000	0.000000	0.000000	0.000000	0.000000	0.000000	0.000000	0.000000	0.000000	0.000000	0.000000	0.000000	0.000000	0.000000	0.000000	0.000000
0.730900	0.672526	0.536593	0.512484	0.621974	-0.305285	-1.075415	10.373575	0.487700	1.096139	0.580879	0.682790	0.779069	-0.497620	0.326819	-0.922211	-0.764427	0.701146	4.989630	1.450356	0.326819	0.746721	0.399479	1.650691	0.964123	0.426922	14.656543	0.000000	0.000000	0.000000	0.000000	0.000000	0.000000	0.000000	0.000000	0.000000	0.000000	0.000000	0.000000	0.000000	0.000000	0.000000	0.000000	0.000000	0.000000	0.000000	0.000000	0.000000	0.000000	0.000000	0.000000	0.000000	0.000000	0.000000	0.000000	0.000000	0.000000	0.000000
13.325625	15.753813	0.666034	2.730420	16.855112	-0.286088	25.335073	1.995423	2.929713	11.901037	9.762596	18.371682	12.553972	4.053581	-0.291860	13.752013	-21.572937	-11.321455	0.971567	10.331578	-0.291860	15.589357	6.904549	-1.029420	0.694098	4.997377	2.745476	2.745476	0.000000	0.000000	0.000000	0.000000	0.000000	0.000000	0.000000	0.000000	0.000000	0.000000	0.000000	0.000000	0.000000	0.000000	0.000000	0.000000	0.000000	0.000000	0.000000	0.000000	0.000000	0.000000	0.000000	0.000000	0.000000	0.000000	0.000000	0.000000	0.000000	0.000000
46.270426	30.231599	13.914565	9.317028	12.875034	0.680275	31.422068	5.005786	4.039846	25.513403	3.288906	34.788729	47.087836	5.702377	-0.712164	19.635236	-26.051406	-15.263100	4.398520	9.315325	-0.712164	57.624982	4.815042	1.590636	12.866500	6.315829	4.245994	4.245994	14.051502	0.000000	0.000000	0.000000	0.000000	0.000000	0.000000	0.000000	0.000000	0.000000	0.000000	0.000000	0.000000	0.000000	0.000000	0.000000	0.000000	0.000000	0.000000	0.000000	0.000000	0.000000	0.000000	0.000000	0.000000	0.000000	0.000000	0.000000	0.000000	0.000000
1.358235	0.705521	4.053038	5.618058	0.524045	0.653994	-0.489449	3.782149	4.367660	10.923735	2.260453	1.150831	0.551082	-19.936359	-0.339070	23.095481	0.918647	2.462250	4.953091	-2.733905	-0.339070	0.686456	6.611132	1.995660	-9.004825	5.452335	3.208085	3.208085	0.331015	1.403822	0.000000	0.000000	0.000000	0.000000	0.000000	0.000000	0.000000	0.000000	0.000000	0.000000	0.000000	0.000000	0.000000	0.000000	0.000000	0.000000	0.000000	0.000000	0.000000	0.000000	0.000000	0.000000	0.000000	0.000000	0.000000	0.000000	0.000000	0.000000
25.666517	15.378540	8.589399	5.465418	14.846522	1.018062	61.358114	-4.041940	2.839429	16.604472	7.256677	23.432308	23.587065	8.812549	-0.472730	41.657623	-26.325755	-13.898458	-1.493337	4.938700	-0.472730	24.717022	3.932586	-4.298884	1.639476	3.819014	-5.416542	-5.416542	17.200594	25.741289	0.511430	0.000000	0.000000	0.000000	0.000000	0.000000	0.000000	0.000000	0.000000	0.000000	0.000000	0.000000	0.000000	0.000000	0.000000	0.000000	0.000000	0.000000	0.000000	0.000000	0.000000	0.000000	0.000000	0.000000	0.000000	0.000000	0.000000	0.000000
6.323851	8.568461	11.048805	13.529466	9.781653	-0.723354	3.570076	0.741598	14.691599	3.627562	10.974214	7.162928	6.656799	1.005556	-0.946206	2.106360	2.260066	1.191058	0.444071	2.568438	-0.946206	8.397283	22.553571	2.391276	2.874100	20.316728	0.629036	0.629036	12.485815	9.647965	10.349574	5.312025	0.000000	0.000000	0.000000	0.000000	0.000000	0.000000	0.000000	0.000000	0.000000	0.000000	0.000000	0.000000	0.000000	0.000000	0.000000	0.000000	0.000000	0.000000	0.000000	0.000000	0.000000	0.000000	0.000000	0.000000	0.000000	0.000000
0.295219	0.293947	0.289391	0.288164	0.292587	0.326002	0.299975	0.317073	0.286675	0.299891	0.291228	0.295522	0.296097	0.309640	0.372775	0.302468	0.305204	0.308697	0.314469	0.302898	0.372775	0.295522	0.278045	0.304896	0.302341	0.281512	0.318812	0.318812	0.294709	0.295698	0.293496	0.298910	0.277417	0.000000	0.000000	0.000000	0.000000	0.000000	0.000000	0.000000	0.000000	0.000000	0.000000	0.000000	0.000000	0.000000	0.000000	0.000000	0.000000	0.000000	0.000000	0.000000	0.000000	0.000000	0.000000	0.000000	0.000000	0.000000
41.996465	24.774259	12.717251	7.366786	19.601279	-0.334098	48.177785	5.969863	3.829162	29.414489	7.614695	29.511796	36.634128	5.568726	-0.600351	28.572235	-40.328510	-12.564963	6.516067	15.540808	-0.600351	38.221619	4.293665	-0.375003	5.557403	5.430159	5.063741	5.063741	22.201968	39.050021	1.501719	48.390179	4.062180	0.139703	0.000000	0.000000	0.000000	0.000000	0.000000	0.000000	0.000000	0.000000	0.000000	0.000000	0.000000	0.000000	0.000000	0.000000	0.000000	0.000000	0.000000	0.000000	0.000000	0.000000	0.000000	0.000000	0.000000	0.000000
0.295219	0.293947	0.289391	0.288164	0.292587	0.326002	0.299975	0.317073	0.286675	0.299891	0.291228	0.295522	0.296097	0.309640	0.372775	0.302468	0.305204	0.308697	0.314469	0.302898	0.372775	0.295522	0.278045	0.304896	0.302341	0.281512	0.318812	0.318812	0.294709	0.295698	0.293496	0.298910	0.277417	0.433861	0.297099	0.000000	0.000000	0.000000	0.000000	0.000000	0.000000	0.000000	0.000000	0.000000	0.000000	0.000000	0.000000	0.000000	0.000000	0.000000	0.000000	0.000000	0.000000	0.000000	0.000000	0.000000	0.000000	0.000000
31.706303	16.488003	9.718927	2.989336	15.724727	1.027691	33.940975	6.229422	4.229150	35.523765	9.614679	24.074417	28.520828	1.975829	-0.574385	35.619597	-28.013626	-11.432789	6.838405	11.630775	-0.574385	26.233345	4.539908	-0.674354	2.845978	5.095776	5.283904	5.283904	20.318323	29.898142	2.853354	36.771928	3.825632	0.145777	45.046722	0.145777	0.000000	0.000000	0.000000	0.000000	0.000000	0.000000	0.000000	0.000000	0.000000	0.000000	0.000000	0.000000	0.000000	0.000000	0.000000	0.000000	0.000000	0.000000	0.000000	0.000000	0.000000	0.000000
5.165312	4.708552	6.809842	15.496280	8.176292	-4.130820	1.376544	1.705675	7.319488	1.428049	6.646436	4.838854	8.873329	0.870138	-1.506095	1.886957	1.977675	2.024035	-0.679558	6.824328	-1.506095	7.419883	14.032063	-0.258838	3.816915	18.978733	1.446783	1.446783	3.032215	6.491401	3.009093	2.890697	14.411592	0.039915	4.239388	0.039915	4.393363	0.000000	0.000000	0.000000	0.000000	0.000000	0.000000	0.000000	0.000000	0.000000	0.000000	0.000000	0.000000	0.000000	0.000000	0.000000	0.000000	0.000000	0.000000	0.000000	0.000000	0.000000
3.072891	2.019605	1.624684	1.468647	1.660216	0.391983	5.264177	-1.076533	0.505959	-0.889202	1.260553	3.039771	3.143474	8.989099	0.231786	0.362332	-2.773927	-1.758552	-1.306784	7.102676	0.231786	2.431381	0.831746	-1.530770	7.477771	0.823763	-0.960964	-0.960964	2.712678	2.362265	-5.846496	5.432568	0.811443	0.338411	4.037827	0.338411	2.099936	0.354143	0.000000	0.000000	0.000000	0.000000	0.000000	0.000000	0.000000	0.000000	0.000000	0.000000	0.000000	0.000000	0.000000	0.000000	0.000000	0.000000	0.000000	0.000000	0.000000	0.000000
3.333941	2.350857	0.626913	1.347661	2.125488	-0.539339	1.987623	1.487896	0.751602	5.609085	1.186788	2.235340	2.715308	-0.638173	0.202017	4.324796	-3.605992	-0.775519	0.356044	0.715950	0.202017	3.169987	0.870196	1.045080	-2.161629	0.914881	0.810001	0.810001	2.554209	3.455771	3.342422	3.170184	0.840191	0.315851	3.950444	0.315851	4.251693	0.314785	-0.877917	0.000000	0.000000	0.000000	0.000000	0.000000	0.000000	0.000000	0.000000	0.000000	0.000000	0.000000	0.000000	0.000000	0.000000	0.000000	0.000000	0.000000	0.000000	0.000000
3.714550	5.387320	7.994012	9.985849	6.481969	-0.532553	1.725416	0.209119	19.768521	1.380555	8.583125	4.873117	3.726367	0.600214	-0.824787	0.690791	2.471852	1.771599	0.688463	0.571373	-0.824787	10.815887	18.284557	0.334222	1.346179	19.271379	0.849199	0.849199	8.307612	9.372687	6.606335	2.346562	20.365257	0.023428	3.613238	0.023428	3.354382	12.351851	0.368096	1.409756	0.000000	0.000000	0.000000	0.000000	0.000000	0.000000	0.000000	0.000000	0.000000	0.000000	0.000000	0.000000	0.000000	0.000000	0.000000	0.000000	0.000000	0.000000
0.304224	0.302015	0.295096	0.293422	0.299808	0.322678	0.314169	0.312304	0.291465	0.313967	0.297732	0.304774	0.305845	0.302256	0.371395	0.320714	0.294756	0.300793	0.309009	0.321943	0.371395	0.304774	0.281121	0.294167	0.320356	0.285125	0.314416	0.314416	-0.298752	-0.296999	0.301267	0.311672	-0.322678	0.432993	0.307801	0.432993	0.308505	-0.310811	0.299685	0.332670	0.284635	0.000000	0.000000	0.000000	0.000000	0.000000	0.000000	0.000000	0.000000	0.000000	0.000000	0.000000	0.000000	0.000000	0.000000	0.000000	0.000000	0.000000
-2.805695	-1.680189	0.709472	1.342752	-0.461987	0.824597	-9.717253	4.338348	1.684811	-3.360882	0.269665	-1.905003	-2.779999	8.754449	-0.296918	-18.040453	15.936980	8.891055	5.681486	4.502410	-0.296918	-1.905003	5.705492	10.628580	6.004437	4.042929	3.679862	3.679862	-1.737638	-1.808135	-0.964909	-6.557030	6.003484	0.101523	-3.729344	0.101523	-5.097116	5.209151	-1.505961	1.667889	4.243217	0.203250	0.000000	0.000000	0.000000	0.000000	0.000000	0.000000	0.000000	0.000000	0.000000	0.000000	0.000000	0.000000	0.000000	0.000000	0.000000	0.000000
0.304224	0.302015	0.295096	0.293422	0.299808	0.322678	0.314169	0.312304	0.291465	0.313967	0.297732	0.304774	0.305845	0.302256	0.371395	0.320714	0.294756	0.300793	0.309009	0.290077	0.371395	0.304774	0.281121	0.328025	0.288848	0.285125	0.314416	0.314416	0.303320	0.305099	0.301267	0.311672	0.280410	0.432993	0.307801	0.432993	0.308505	0.291465	0.338583	0.332670	0.284635	0.389732	-0.298981	0.000000	0.000000	0.000000	0.000000	0.000000	0.000000	0.000000	0.000000	0.000000	0.000000	0.000000	0.000000	0.000000	0.000000	0.000000
0.352350	0.344868	0.324926	-0.604256	0.337943	1.154544	0.392594	0.289105	0.316356	0.391677	0.331923	0.354298	-0.437483	-0.296114	0.364524	-0.352268	-0.327170	-0.301964	0.696230	-0.347938	0.364524	0.354298	0.296924	0.463067	0.422303	0.303751	0.292976	0.292976	0.349219	0.355466	0.342458	0.381546	0.295780	0.428654	0.365630	0.428654	0.368406	-0.643409	-0.306463	-0.318493	0.302876	0.383957	0.348433	0.383957	0.000000	0.000000	0.000000	0.000000	0.000000	0.000000	0.000000	0.000000	0.000000	0.000000	0.000000	0.000000	0.000000	0.000000
12.372947	6.540317	5.545575	1.753269	5.956416	1.820614	7.463202	10.085731	0.904706	6.628709	3.805394	9.349762	11.045336	14.895386	-0.314342	1.129057	-10.268017	-2.766789	11.687384	14.072181	-0.314342	9.010026	1.662667	1.473905	6.633028	1.484213	8.554892	8.554892	6.256289	11.560355	-1.628755	9.945026	1.580525	0.236020	15.627197	0.236020	13.051054	1.570010	3.113633	9.470176	0.522921	0.152329	10.631980	0.152329	1.662131	0.000000	0.000000	0.000000	0.000000	0.000000	0.000000	0.000000	0.000000	0.000000	0.000000	0.000000	0.000000	0.000000
1.050765	1.962442	4.051945	5.458647	2.723526	-0.297751	-0.632989	1.557356	6.387638	-0.603730	3.540295	1.491081	0.954799	-0.456081	-0.651789	-1.960714	5.553054	2.319786	2.039508	-1.580843	-0.651789	1.491081	12.451398	-0.414578	0.401013	10.477053	1.320976	1.320976	1.922978	1.724866	2.636210	0.276417	12.790395	0.036444	0.794973	0.036444	0.671662	7.205342	-2.235245	-1.346855	10.724067	0.072962	9.352159	0.072962	0.256653	3.537343	0.000000	0.000000	0.000000	0.000000	0.000000	0.000000	0.000000	0.000000	0.000000	0.000000	0.000000	0.000000
49.966751	31.171205	16.697270	11.145424	11.794758	0.492276	35.980112	3.213035	2.397673	31.745680	3.002092	41.515308	54.511110	5.000503	-0.819488	23.127526	-23.392000	-12.118182	4.419868	10.990708	-0.819488	59.879318	5.816567	2.690277	21.040056	7.040604	3.616958	3.616958	12.668810	56.914939	1.085191	41.686181	5.463595	0.099788	46.877735	0.099788	35.189215	5.358897	12.508909	8.985716	3.824829	0.199776	-1.314236	0.199776	0.702739	26.829760	1.808707	0.000000	0.000000	0.000000	0.000000	0.000000	0.000000	0.000000	0.000000	0.000000	0.000000	0.000000
23.813975	12.826177	7.896406	6.228765	11.277751	-0.583410	41.168629	-1.896019	2.478832	13.976850	6.452437	17.761153	23.284349	3.198603	-0.423046	27.966082	-25.449198	-6.243626	-1.825094	5.351844	-0.423046	17.761153	2.995615	-7.019759	1.454590	3.969745	-1.253494	-1.253494	14.224707	20.725147	-0.362505	37.790920	2.857948	0.190031	31.579823	0.190031	26.569412	3.337240	23.821313	5.628654	1.808765	-0.233918	-7.911780	0.380442	-1.052362	9.593796	0.967242	18.381817	0.000000	0.000000	0.000000	0.000000	0.000000	0.000000	0.000000	0.000000	0.000000	0.000000
1.113284	0.995021	0.730093	0.684987	0.894621	-0.373789	1.916934	-0.521446	0.639347	1.895545	0.814567	1.145729	1.212544	-0.734583	0.302020	2.738244	-1.229745	-0.876425	-0.593843	-0.639933	0.302020	1.145729	0.484328	-0.950658	-0.839007	0.531109	-0.483148	-0.483148	1.062580	1.165494	0.959090	1.668724	0.477242	0.387872	1.258488	0.387872	1.400521	0.639347	-0.930081	2.889029	0.524672	0.330669	1.050120	0.330669	0.246679	2.523748	0.616155	1.037741	1.853626	0.000000	0.000000	0.000000	0.000000	0.000000	0.000000	0.000000	0.000000	0.000000
6.668820	5.104625	2.482435	1.715838	3.835949	2.984084	6.454822	0.648124	1.349795	10.929573	3.270418	7.319837	5.003228	-1.516099	-0.241623	14.597458	-6.578354	-2.147939	0.322063	0.513919	-0.241623	5.492173	1.508375	0.296057	-1.355358	1.413152	0.284738	0.284738	4.861693	6.462401	5.726536	9.934541	1.230184	0.278539	8.277954	0.278539	9.829642	-0.290213	1.126634	2.867692	0.546042	0.557635	-14.542647	0.557635	1.961559	-0.864052	-1.403693	6.615755	7.196305	-2.930152	0.000000	0.000000	0.000000	0.000000	0.000000	0.000000	0.000000	0.000000
1.580211	1.584757	4.642535	5.758932	3.296385	0.326309	-0.708914	3.522590	2.247311	-0.547272	2.386441	2.309777	2.278991	3.109978	-0.953352	-2.863706	3.365802	5.181954	2.739679	4.127976	-0.953352	2.309777	7.099655	1.761275	9.500062	8.711461	2.987922	2.987922	-0.786135	2.409238	0.682224	0.433714	7.415950	0.082434	1.017076	0.082434	0.552521	7.142441	10.333446	-5.853381	5.527545	0.165032	-0.582342	0.165032	0.580524	-1.717874	2.649803	3.815950	-0.692746	-26.076641	18.366606	0.000000	0.000000	0.000000	0.000000	0.000000	0.000000	0.000000
39.560578	19.677888	12.015960	5.096176	18.734418	1.385017	52.022982	6.006943	3.779760	34.739700	9.351729	30.750728	35.240387	8.365579	-0.596546	34.196921	-38.753653	-12.924072	5.559855	15.717329	-0.206179	32.419811	3.766317	-1.145585	6.039374	4.411719	5.095193	5.095193	21.921425	35.786214	0.849789	53.171431	3.080253	0.140571	55.561311	0.140571	54.276797	2.748051	17.621245	8.553588	1.836424	0.281423	-3.866456	0.281423	0.989946	37.345733	0.547026	32.302209	48.720656	8.023893	23.609807	1.203963	0.000000	0.000000	0.000000	0.000000	0.000000	0.000000
0.342303	-0.388784	0.318784	0.315198	-0.404748	0.785250	-0.326423	0.353466	0.311250	0.375129	0.324859	0.343949	0.347230	-0.288922	0.365895	0.364635	0.395764	0.442721	0.287752	0.406881	0.365895	0.343949	0.293706	-0.318323	0.400274	0.299950	0.362422	0.362422	0.339653	0.344935	0.333902	0.366741	0.292652	0.429522	0.353475	0.429522	0.355798	0.311250	0.432840	-0.308653	0.299154	0.385110	0.338986	0.385110	0.336013	0.395512	0.309092	0.338317	0.338430	0.287309	0.382232	0.331461	0.353806	0.000000	0.000000	0.000000	0.000000	0.000000
33.613659	21.772134	9.132385	9.572134	23.539756	-1.930462	40.304458	5.895703	2.551386	27.906498	4.280726	25.577695	36.692256	8.144223	-0.608058	28.120631	-31.986704	-8.080071	1.643470	13.822372	-0.211004	28.668255	3.394994	-1.447676	4.050316	4.079031	5.000838	5.000838	18.762521	27.765883	0.392659	37.869128	3.168081	0.137968	42.312685	0.137968	39.000070	4.720150	12.029051	9.497384	1.907840	0.276212	-3.677362	0.276212	-1.602077	24.496547	0.586250	28.476212	44.710132	7.875302	13.102698	0.853509	52.520587	-0.903512	0.000000	0.000000	0.000000	0.000000
36.318581	21.595022	7.662105	6.819243	19.838230	1.628073	46.089793	5.154105	3.064589	30.856796	5.115485	26.659738	28.128110	7.483153	-0.247141	32.027282	-42.790651	-11.019376	6.749800	16.958250	0.362565	30.078212	4.102361	-0.661166	3.683873	2.306848	4.371801	4.371801	28.726570	32.830013	1.531375	55.434274	3.828331	0.120613	51.979938	0.120613	45.549193	1.528831	15.119464	13.774356	2.457441	0.241468	-3.146459	0.241468	0.849398	34.800390	0.914302	29.093613	49.955712	6.884698	26.873244	0.404179	59.693051	0.727321	55.712109	0.000000	0.000000	0.000000
51.752981	29.292536	13.348004	9.167184	13.356269	1.434153	41.612658	4.672067	2.957624	29.020359	1.162220	32.523855	45.190926	6.517526	-0.275056	28.884597	-25.981516	-13.474956	6.118524	14.494955	0.328656	42.275154	4.093292	0.592956	12.555652	5.155059	3.962928	3.962928	13.729787	47.533921	2.484631	40.962384	4.340832	0.109333	53.813772	0.109333	39.912231	3.732091	13.705413	7.331647	2.896960	0.218885	-1.821130	0.218885	0.769958	31.394160	1.204112	40.024463	41.162339	6.240806	17.195873	1.990807	55.301026	0.659298	49.536719	47.503972	0.000000	0.000000
50.406647	31.400453	15.565931	9.748274	15.697033	0.871695	36.331783	4.486667	1.290954	35.211445	1.563122	32.150677	51.064726	4.762158	-0.784918	26.014434	-21.522091	-8.808545	4.690616	10.670062	-0.286920	45.940949	4.885509	1.047264	17.143820	6.018929	3.805669	3.805669	13.082439	44.945629	0.864049	37.590715	4.559239	0.104994	43.662981	0.104994	36.536586	4.463652	11.612073	5.153845	3.087094	0.210199	-1.831445	0.210199	0.739404	28.377462	1.335625	44.244364	34.624648	5.993155	16.317180	3.139628	51.110062	0.633136	52.044742	41.145085	56.781792	0.000000
