0.000000	3.785766	6.731800	10.385340	12.319903	15.056225	17.866058	21.277937	20.778824	20.223639	22.565977	21.863611	18.946354	19.498112	23.089405	25.360466	23.424545	19.649784	17.026270	14.792325	11.054959	9.014836	6.106087	4.473819	5.580980	8.784089	8.884544	10.358415	11.370048	12.088588	14.402098	15.537602	19.240049	21.491287	23.999884	25.665646	22.761246	19.170670	17.221247	15.789538	17.469543	20.818483	22.513481	22.607685	25.368242	25.770264	25.445011	23.582932	22.572048	18.845358	18.333849	18.516125	20.563116
3.785766	0.000000	3.785743	6.948755	9.333088	12.157011	15.331846	18.726292	18.771029	18.062366	19.995770	18.890219	16.221064	16.412130	20.017376	22.209641	20.042038	16.260565	13.426073	11.337976	7.604201	6.344500	4.728272	5.491685	7.584654	10.142962	9.217594	9.749627	9.458176	9.753701	11.463251	12.500288	16.215975	18.574295	21.398422	23.195654	20.225029	16.836918	15.400497	13.922653	14.902703	18.171320	20.307175	20.643520	23.062447	23.734932	23.445797	22.015783	20.898937	17.140160	16.537294	17.171352	19.140392
6.731800	3.785743	0.000000	3.810467	6.110141	9.483017	12.411007	16.008661	16.420855	16.254311	18.180124	17.183859	15.070104	15.501592	19.219370	21.676456	19.394724	15.734482	12.396931	9.891900	6.294417	4.829863	5.500332	6.563237	9.795992	11.264171	9.036465	9.714144	8.773610	9.877606	11.368386	12.943098	16.587536	19.279692	22.509708	24.247364	21.085276	17.978897	16.833385	14.824012	15.139583	18.475899	20.852285	21.793774	23.945934	25.125778	25.113018	24.177265	23.121540	19.413673	18.808096	19.740213	21.462152
10.385340	6.948755	3.810467	0.000000	3.785195	7.155587	10.306334	13.738519	14.946756	14.751505	16.074280	14.654814	13.174722	13.232689	16.831480	19.218925	16.724384	13.273344	9.634935	7.309844	4.623457	5.112237	7.778862	9.868116	12.963037	13.956241	11.314200	11.114366	8.923528	9.612427	10.051453	11.571013	14.869858	17.655697	21.177948	22.929970	19.766550	17.121254	16.612204	14.578144	13.944439	16.984264	19.746264	21.052467	22.723368	24.263672	24.378887	23.991980	22.935055	19.406187	18.805548	20.163538	21.711306
12.319903	9.333088	6.110141	3.785195	0.000000	3.784413	6.582115	10.137864	11.239775	11.419677	13.024725	12.220013	11.022970	11.971272	15.602133	18.513729	16.546093	13.406237	9.992648	6.759747	5.112579	4.592893	8.167214	10.367617	13.477031	13.419765	10.237717	9.698106	7.267560	8.949871	9.829184	12.343862	15.472313	18.731354	22.324150	23.537405	20.095453	17.565357	16.776346	14.077628	13.371977	16.574478	18.993441	20.905512	22.642677	24.670269	25.350796	25.290785	24.740032	21.255253	21.219120	22.998638	24.839117
15.056225	12.157011	9.483017	7.155587	3.784413	0.000000	3.810277	6.778486	8.101247	7.901281	9.260403	8.714112	7.881237	9.455618	12.906971	16.166340	14.772426	12.105756	9.304573	5.828482	6.132486	6.193653	9.837339	12.510920	15.078830	14.345424	11.278221	9.709574	6.657224	8.233513	8.815125	11.884802	14.528492	18.082224	21.646976	22.322941	18.741484	16.544498	15.792002	12.762574	11.650519	14.689832	16.833265	19.278833	20.873638	23.350643	24.542023	24.927990	24.860254	21.574888	22.092199	24.379114	26.484417
17.866058	15.331846	12.411007	10.306334	6.582115	3.810277	0.000000	3.786137	5.303212	6.726135	8.422890	9.146922	9.316286	11.629833	14.581863	18.047735	17.109835	14.992449	12.527325	9.326504	9.921226	9.333231	12.668828	14.775293	17.404131	15.975594	12.638934	11.412729	9.085217	11.302286	12.121154	15.350842	17.680180	21.290642	24.820053	25.184963	21.571646	19.606339	18.731941	15.432925	14.365744	17.211479	18.953833	21.807831	23.333097	26.114084	27.632706	28.220457	28.378069	25.164934	25.831018	28.177814	30.285192
21.277937	18.726292	16.008661	13.738519	10.137864	6.778486	3.786137	0.000000	3.785259	5.296017	6.001848	7.631314	8.958485	11.547528	13.712764	17.226917	16.930527	15.564102	13.840885	11.139985	12.669461	12.517241	15.743293	18.044172	20.319963	18.575090	15.504004	13.783252	11.405843	13.165047	13.550369	16.750875	18.450363	22.057129	25.446575	25.352108	21.800751	20.324169	19.629013	16.333267	14.916152	17.237036	18.611286	21.875601	23.096838	26.236372	28.156256	29.166924	29.675501	26.722460	27.728575	30.394094	32.604050
20.778824	18.771029	16.420855	14.946756	11.239775	8.101247	5.303212	3.785259	0.000000	3.784644	6.494476	9.295367	9.502575	12.869129	15.155885	18.884571	19.001614	17.407129	15.847082	12.704077	13.579119	12.528751	15.107098	17.026720	18.914892	16.595827	13.766786	12.062617	10.548475	12.897960	14.189776	17.770266	19.744158	23.488626	26.681974	26.308104	22.622490	20.801586	19.446049	15.842443	15.247045	17.894688	18.630764	21.877193	23.590475	26.649689	28.779978	29.531603	30.337120	27.284939	28.591192	31.233776	33.736729
20.223639	18.062366	16.254311	14.751505	11.419677	7.901281	6.726135	5.296017	3.784644	0.000000	3.784132	6.627497	6.186562	9.822768	11.948022	15.723414	16.205803	14.735278	13.786024	10.900528	12.265635	11.785676	14.201298	16.711039	18.084747	16.011639	13.735110	11.113211	9.070393	10.538572	11.523785	15.066115	16.750488	20.487747	23.481915	22.847589	19.169474	17.460979	16.130424	12.608659	11.916327	14.395861	14.901596	18.213799	19.928673	23.028528	25.313717	26.185074	27.229879	24.347313	25.967951	28.845335	31.532665
22.565977	19.995770	18.180124	16.074280	13.024725	9.260403	8.422890	6.001848	6.494476	3.784132	0.000000	3.785045	5.266185	8.175106	9.332306	12.962921	13.809117	13.134296	12.867551	10.863153	13.267774	13.813874	16.542685	19.479662	20.833517	19.141865	16.971027	14.092102	11.423348	11.826440	11.608813	14.623848	15.500166	19.049620	21.975391	21.142857	17.666786	16.668972	16.072277	13.033069	11.362367	12.967088	13.625273	17.206852	18.256258	21.654598	24.082144	25.471481	26.588966	24.048435	25.740585	28.875145	31.449263
21.863611	18.890219	17.183859	14.654814	12.220013	8.714112	9.146922	7.631314	9.295367	6.627497	3.785045	0.000000	3.786050	5.026271	6.161772	9.726207	10.134847	9.598061	9.619727	8.427438	11.565138	13.119613	16.071505	19.411974	20.838919	19.806890	17.697687	14.696902	11.379467	10.785645	9.423205	11.839621	12.312984	15.736408	18.801071	18.256624	14.887572	14.196849	14.334715	11.836616	9.251763	10.422685	11.929932	15.327053	15.921671	19.281364	21.421581	22.995451	23.842991	21.435610	22.933250	26.133482	28.523611
18.946354	16.221064	15.070104	13.174722	11.022970	7.881237	9.316286	8.958485	9.502575	6.186562	5.266185	3.786050	0.000000	3.784251	6.411690	10.128352	10.421421	8.852825	8.757517	6.884638	9.379430	10.635492	13.065997	16.494726	17.515354	16.578081	14.890551	11.577848	8.315703	7.316636	6.483131	9.483054	10.651979	14.348833	17.325806	16.809206	13.146193	11.667911	11.111488	8.237231	6.237451	8.435847	9.757491	12.922017	14.295394	17.347776	19.428156	20.528566	21.475832	18.819838	20.523542	23.672804	26.351517
19.498112	16.412130	15.501592	13.232689	11.971272	9.455618	11.629833	11.547528	12.869129	9.822768	8.175106	5.026271	3.784251	0.000000	3.786847	7.016250	6.715580	5.210583	6.105133	5.978223	9.256083	11.693927	14.143806	17.845921	18.846516	18.614019	17.098328	13.858928	10.307600	8.122095	5.443352	7.052098	7.356411	10.919142	14.040525	13.816661	10.316538	9.386539	10.028754	8.299206	4.918004	6.035096	8.584200	11.345263	12.012479	14.998471	16.753452	18.162489	18.842394	16.443907	17.986511	21.284904	23.767563
23.089405	20.017376	19.219370	16.831480	15.602133	12.906971	14.581863	13.712764	15.155885	11.948022	9.332306	6.161772	6.411690	3.786847	0.000000	3.784337	5.301650	6.162963	8.603577	9.530515	12.940152	15.475559	17.809614	21.524513	22.298876	22.011694	20.680824	17.296705	13.895172	11.568982	8.750605	9.307291	7.968030	10.755631	13.320997	12.410933	9.392061	9.862501	11.279778	10.378106	6.855331	5.684895	7.748129	10.730098	10.347601	13.775367	15.931035	18.054598	19.099291	17.359690	19.197208	22.743654	25.167854
25.360466	22.209641	21.676456	19.218925	18.513729	16.166340	18.047735	17.226917	18.884571	15.723414	12.962921	9.726207	10.128352	7.016250	3.784337	0.000000	3.784094	6.588671	10.001323	12.036362	15.415172	18.351341	20.522438	24.297554	24.922108	25.005087	23.880667	20.508911	17.108629	14.350108	11.081932	10.344248	7.653221	9.160029	11.145984	10.080559	7.972767	9.828355	12.285957	12.502819	8.957124	6.282199	8.431745	10.521396	8.842409	12.114892	14.060117	16.751974	17.747757	16.685392	18.490767	22.131748	24.331564
23.424545	20.042038	19.394724	16.724384	16.546093	14.772426	17.109835	16.930527	19.001614	16.205803	13.809117	10.134847	10.421421	6.715580	5.301650	3.784094	0.000000	3.786448	7.130750	9.998060	13.339695	16.702990	19.046713	22.809895	23.775913	24.272028	22.930777	19.881884	16.288601	13.481289	9.819835	8.435204	5.880965	7.367670	10.247395	10.535789	8.414874	9.661029	12.427085	12.688920	8.969357	7.162589	10.441287	11.973717	10.640774	13.238377	14.271145	16.564772	16.750385	15.377295	16.483290	19.907637	21.769426
19.649784	16.260565	15.734482	13.273344	13.406237	12.105756	14.992449	15.564102	17.407129	14.735278	13.134296	9.598061	8.852825	5.210583	6.162963	6.588671	3.786448	0.000000	3.784472	6.720052	9.737539	13.190627	15.421549	19.164049	20.201002	20.904936	19.575981	16.699720	13.128218	10.225364	6.466438	4.990844	3.865942	6.730138	10.325665	11.262468	8.423153	8.109261	10.339584	10.261897	6.753535	6.465411	10.200267	11.541287	11.335394	13.544620	14.247622	15.733043	15.595743	13.470607	14.352195	17.617134	19.655117
17.026270	13.426073	12.396931	9.634935	9.992648	9.304573	12.527325	13.840885	15.847082	13.786024	12.867551	9.619727	8.757517	6.105133	8.603577	10.001323	7.130750	3.784472	0.000000	3.785400	6.653412	10.320267	12.958275	16.560938	18.154436	18.948456	17.190443	14.792512	11.155801	8.889983	5.641716	5.230392	6.535611	9.428698	13.194664	14.608165	11.651848	10.373239	11.725679	10.851925	7.969813	9.258301	12.816051	14.248489	14.688149	16.688253	17.114607	17.993057	17.408554	14.712542	14.963522	17.733019	19.570904
14.792325	11.337976	9.891900	7.309844	6.759747	5.828482	9.326504	11.139985	12.704077	10.900528	10.863153	8.427438	6.884638	5.978223	9.530515	12.036362	9.998060	6.720052	3.785400	0.000000	3.784153	6.968285	10.007218	13.574349	15.407166	15.759947	13.700221	11.363853	7.663967	6.240294	4.351124	6.369170	8.923895	12.337052	15.961920	16.987988	13.596663	11.553414	11.692446	9.696193	7.645772	10.238238	13.184619	15.029700	16.247992	18.407312	19.196939	19.697575	19.404985	16.300512	16.784552	19.364887	21.487123
11.054959	7.604201	6.294417	4.623457	5.112579	6.132486	9.921226	12.669461	13.579119	12.265635	13.267774	11.565138	9.379430	9.256083	12.940152	15.415172	13.339695	9.737539	6.653412	3.784153	0.000000	3.784628	6.609074	10.040403	12.115419	12.883771	10.860219	9.157377	6.043534	5.362553	5.461707	7.499787	10.954309	14.123376	17.567905	18.891815	15.530513	12.780966	12.159534	10.058719	9.346881	12.519146	15.151581	16.499500	18.295820	19.959782	20.408781	20.208458	19.648157	16.161160	16.316753	18.366877	20.521858
9.014836	6.344500	4.829863	5.112237	4.592893	6.193653	9.333231	12.517241	12.528751	11.785676	13.813874	13.119613	10.635492	11.693927	15.475559	18.351341	16.702990	13.190627	10.320267	6.968285	3.784628	0.000000	3.785644	6.826195	9.310271	9.586108	7.166065	6.097528	4.055576	5.673765	7.855956	10.542992	14.146317	17.408737	20.654715	21.724182	18.227665	15.126128	13.619564	10.932758	11.317111	14.915478	16.910751	18.341887	20.652468	22.284286	22.922983	22.377136	22.032110	18.383974	18.694670	20.448446	22.761606
6.106087	4.728272	5.500332	7.778862	8.167214	9.837339	12.668828	15.743293	15.107098	14.201298	16.542685	16.071505	13.065997	14.143806	17.809614	20.522438	19.046713	15.421549	12.958275	10.007218	6.609074	3.785644	0.000000	3.784731	5.605002	6.658150	5.459304	5.048890	5.264663	6.537663	9.486245	11.757530	15.500702	18.487320	21.326773	22.385693	19.014824	15.512168	13.374912	10.991675	12.486888	16.143177	17.690111	18.550806	21.315670	22.456354	22.907312	21.777964	21.466768	17.717211	18.103018	19.493687	22.034386
4.473819	5.491685	6.563237	9.868116	10.367617	12.510920	14.775293	18.044172	17.026720	16.711039	19.479662	19.411974	16.494726	17.845921	21.524513	24.297554	22.809895	19.164049	16.560938	13.574349	10.040403	6.826195	3.784731	0.000000	3.784125	5.164082	4.416170	6.457047	8.287162	10.181598	13.267442	15.426350	19.184217	22.029457	24.746712	25.876638	22.584780	18.987637	16.616940	14.313791	16.155846	19.821804	21.154264	21.877176	24.816057	25.764717	26.092974	24.626934	24.209608	20.443722	20.602293	21.468122	23.855322
5.580980	7.584654	9.795992	12.963037	13.477031	15.078830	17.404131	20.319963	18.914892	18.084747	20.833517	20.838919	17.515354	18.846516	22.298876	24.922108	23.775913	20.201002	18.154436	15.407166	12.115419	9.310271	5.605002	3.784125	0.000000	3.784446	5.918594	7.044396	9.551986	10.743752	14.021703	15.948116	19.546976	22.195599	24.464191	25.341208	22.191359	18.444983	15.607178	13.653977	16.235647	19.763245	20.571188	20.859501	24.112034	24.708885	25.050789	23.237255	23.114059	19.460711	20.014462	20.836527	23.570097
8.784089	10.142962	11.264171	13.956241	13.419765	14.345424	15.975594	18.575090	16.595827	16.011639	19.141865	19.806890	16.578081	18.614019	22.011694	25.005087	24.272028	20.904936	18.948456	15.759947	12.883771	9.586108	6.658150	5.164082	3.784446	0.000000	3.783804	5.133137	8.663725	10.798265	14.490849	17.113119	20.606583	23.632271	26.010172	26.447172	23.059235	19.423958	16.328747	13.708455	16.366022	20.018845	20.425961	21.252962	24.597155	25.631493	26.500031	25.026918	25.346916	21.751751	22.719147	23.943150	26.816437
8.884544	9.217594	9.036465	11.314200	10.237717	11.278221	12.638934	15.504004	13.766786	13.735110	16.971027	17.697687	14.890551	17.098328	20.680824	23.880667	22.930777	19.575981	17.190443	13.700221	10.860219	7.166065	5.459304	4.416170	5.918594	3.783804	0.000000	3.786124	6.795175	9.867302	13.421508	16.393293	19.965719	23.236216	26.031942	26.611769	23.057537	19.601841	16.932028	13.907200	15.822042	19.602221	20.458487	21.789654	24.822382	26.266613	27.209553	26.131662	26.263962	22.580769	23.303192	24.684256	27.316168
10.358415	9.749627	9.714144	11.114366	9.698106	9.709574	11.412729	13.783252	12.062617	11.113211	14.092102	14.696902	11.577848	13.858928	17.296705	20.508911	19.881884	16.699720	14.792512	11.363853	9.157377	6.097528	5.048890	6.457047	7.044396	5.133137	3.786124	0.000000	3.784078	6.680365	10.396383	13.612807	16.967079	20.362949	23.079628	23.343744	19.718824	16.361109	13.623943	10.358955	12.332466	16.086414	16.752457	18.246450	21.273335	22.898407	24.121563	23.325365	23.790564	20.232166	21.401144	23.273684	26.154589
11.370048	9.458176	8.773610	8.923528	7.267560	6.657224	9.085217	11.405843	10.548475	9.070393	11.423348	11.379467	8.315703	10.307600	13.895172	17.108629	16.288601	13.128218	11.155801	7.663967	6.043534	4.055576	5.264663	8.287162	9.551986	8.663725	6.795175	3.784078	0.000000	3.785953	7.080913	10.558883	13.827229	17.378588	20.370066	20.732515	17.039303	13.939508	11.828245	8.465178	9.439532	13.200380	14.436710	16.232298	18.845863	20.761219	21.998297	21.645227	21.994205	18.502762	19.609100	21.822144	24.577522
12.088588	9.753701	9.877606	9.612427	8.949871	8.233513	11.302286	13.165047	12.897960	10.538572	11.826440	10.785645	7.316636	8.122095	11.568982	14.350108	13.481289	10.225364	8.889983	6.240294	5.362553	5.673765	6.537663	10.181598	10.743752	10.798265	9.867302	6.680365	3.785953	0.000000	3.784456	7.060849	10.296188	13.767693	16.635286	17.026058	13.379883	10.191977	8.295977	5.293390	6.104036	9.865710	11.399683	12.828330	15.374687	17.120255	18.236309	17.958569	18.342699	14.946076	16.284981	18.814135	21.713648
14.402098	11.463251	11.368386	10.051453	9.829184	8.815125	12.121154	13.550369	14.189776	11.523785	11.608813	9.423205	6.483131	5.443352	8.750605	11.081932	9.819835	6.466438	5.641716	4.351124	5.461707	7.855956	9.486245	13.267442	14.021703	14.490849	13.421508	10.396383	7.080913	3.784456	0.000000	3.785053	6.761337	10.379653	13.538778	14.126870	10.522615	7.831636	7.383465	5.515088	3.920183	7.156654	9.718218	11.154065	12.966463	14.885288	15.870206	16.135649	16.342299	13.212518	14.477270	17.390163	20.095959
15.537602	12.500288	12.943098	11.571013	12.343862	11.884802	15.350842	16.750875	17.770266	15.066115	14.623848	11.839621	9.483054	7.052098	9.307291	10.344248	8.435204	4.990844	5.230392	6.369170	7.499787	10.542992	11.757530	15.426350	15.948116	17.113119	16.393293	13.612807	10.558883	7.060849	3.785053	0.000000	3.785355	6.926469	10.176362	11.431417	8.251124	5.811963	6.936994	7.117877	5.108285	6.580623	9.816525	10.220599	11.424633	12.758018	13.053881	13.357945	13.101057	10.135923	11.184716	14.312425	16.904316
19.240049	16.215975	16.587536	14.869858	15.472313	14.528492	17.680180	18.450363	19.744158	16.750488	15.500166	12.312984	10.651979	7.356411	7.968030	7.653221	5.880965	3.865942	6.535611	8.923895	10.954309	14.146317	15.500702	19.184217	19.546976	20.606583	19.965719	16.967079	13.827229	10.296188	6.761337	3.785355	0.000000	3.784840	7.142915	8.202785	5.305406	4.692961	7.637430	8.870645	6.042963	5.023547	8.607122	8.749276	8.750493	10.249714	10.630578	11.884429	11.891790	9.861151	11.276015	14.818298	17.244944
21.491287	18.574295	19.279692	17.655697	18.731354	18.082224	21.290642	22.057129	23.488626	20.487747	19.049620	15.736408	14.348833	10.919142	10.755631	9.160029	7.367670	6.730138	9.428698	12.337052	14.123376	17.408737	18.487320	22.029457	22.195599	23.632271	23.236216	20.362949	17.378588	13.767693	10.379653	6.926469	3.784840	0.000000	3.783870	6.136671	5.107762	6.082460	9.700395	11.917362	9.533795	7.658813	10.666395	9.700623	8.697701	9.103889	8.397992	9.990184	9.492372	8.458606	9.616688	13.213041	15.321667
23.999884	21.398422	22.509708	21.177948	22.324150	21.646976	24.820053	25.446575	26.681974	23.481915	21.975391	18.801071	17.325806	14.040525	13.320997	11.145984	10.247395	10.325665	13.194664	15.961920	17.567905	20.654715	21.326773	24.746712	24.464191	26.010172	26.031942	23.079628	20.370066	16.635286	13.538778	10.176362	7.142915	3.783870	0.000000	3.785372	5.289148	7.318406	10.906553	13.888053	12.051702	9.586623	11.602210	9.595298	7.935667	6.965102	5.277271	7.486727	7.323729	7.851380	9.531199	13.080406	15.201945
25.665646	23.195654	24.247364	22.929970	23.537405	22.322941	25.184963	25.352108	26.308104	22.847589	21.142857	18.256624	16.809206	13.816661	12.410933	10.080559	10.535789	11.262468	14.608165	16.987988	18.891815	21.724182	22.385693	25.876638	25.341208	26.447172	26.611769	23.343744	20.732515	17.026058	14.126870	11.431417	8.202785	6.136671	3.785372	0.000000	3.785100	7.041714	10.363939	13.365537	11.645656	8.472535	9.406777	7.244640	4.669983	3.889891	4.225504	7.637694	9.179435	9.918638	12.488651	16.122757	18.577974
22.761246	20.225029	21.085276	19.766550	20.095453	18.741484	21.571646	21.800751	22.622490	19.169474	17.666786	14.887572	13.146193	10.316538	9.392061	7.972767	8.414874	8.423153	11.651848	13.596663	15.530513	18.227665	19.014824	22.584780	22.191359	23.059235	23.057537	19.718824	17.039303	13.379883	10.522615	8.251124	5.305406	5.107762	5.289148	3.785100	0.000000	3.785267	7.217012	9.792274	7.864022	4.790107	6.322310	4.928511	3.726659	5.122671	6.567320	8.840346	10.318974	9.616130	12.309874	16.092789	18.857542
19.170670	16.836918	17.978897	17.121254	17.565357	16.544498	19.606339	20.324169	20.801586	17.460979	16.668972	14.196849	11.667911	9.386539	9.862501	9.828355	9.661029	8.109261	10.373239	11.553414	12.780966	15.126128	15.512168	18.987637	18.444983	19.423958	19.601841	16.361109	13.939508	10.191977	7.831636	5.811963	4.692961	6.082460	7.318406	7.041714	3.785267	0.000000	3.785516	6.617686	5.558955	4.412727	6.147945	4.825833	6.342690	7.205349	8.185073	8.879045	10.076391	8.097925	10.889555	14.544858	17.671412
17.221247	15.400497	16.833385	16.612204	16.776346	15.792002	18.731941	19.629013	19.446049	16.130424	16.072277	14.334715	11.111488	10.028754	11.279778	12.285957	12.427085	10.339584	11.725679	11.692446	12.159534	13.619564	13.374912	16.616940	15.607178	16.328747	16.932028	13.623943	11.828245	8.295977	7.383465	6.936994	7.637430	9.700395	10.906553	10.363939	7.217012	3.785516	0.000000	3.786948	5.163441	6.043882	6.314293	5.398094	8.557212	9.358228	10.690318	10.443474	11.970132	9.462004	12.397520	15.670954	19.123693
15.789538	13.922653	14.824012	14.578144	14.077628	12.762574	15.432925	16.333267	15.842443	12.608659	13.033069	11.836616	8.237231	8.299206	10.378106	12.502819	12.688920	10.261897	10.851925	9.696193	10.058719	10.932758	10.991675	14.313791	13.653977	13.708455	13.907200	10.358955	8.465178	5.293390	5.515088	7.117877	8.870645	11.917362	13.888053	13.365537	9.792274	6.617686	3.786948	0.000000	3.783910	6.648584	6.930504	7.913839	10.981546	12.625575	14.298940	14.220325	15.533774	12.692810	15.137388	18.201067	21.531475
17.469543	14.902703	15.139583	13.944439	13.371977	11.650519	14.365744	14.916152	15.247045	11.916327	11.362367	9.251763	6.237451	4.918004	6.855331	8.957124	8.969357	6.753535	7.969813	7.645772	9.346881	11.317111	12.486888	16.155846	16.235647	16.366022	15.822042	12.332466	9.439532	6.104036	3.920183	5.108285	6.042963	9.533795	12.051702	11.645656	7.864022	5.558955	5.163441	3.783910	0.000000	3.786398	5.805555	7.644888	9.559335	11.887793	13.601192	14.356465	15.394647	12.812456	14.962670	18.315184	21.303652
20.818483	18.171320	18.475899	16.984264	16.574478	14.689832	17.211479	17.237036	17.894688	14.395861	12.967088	10.422685	8.435847	6.035096	5.684895	6.282199	7.162589	6.465411	9.258301	10.238238	12.519146	14.915478	16.143177	19.821804	19.763245	20.018845	19.602221	16.086414	13.200380	9.865710	7.156654	6.580623	5.023547	7.658813	9.586623	8.472535	4.790107	4.412727	6.043882	6.648584	3.786398	0.000000	3.785768	5.519885	6.187090	9.025236	11.120141	12.753103	14.151362	12.393084	14.856171	18.518923	21.399313
22.513481	20.307175	20.852285	19.746264	18.993441	16.833265	18.953833	18.611286	18.630764	14.901596	13.625273	11.929932	9.757491	8.584200	7.748129	8.431745	10.441287	10.200267	12.816051	13.184619	15.151581	16.910751	17.690111	21.154264	20.571188	20.425961	20.458487	16.752457	14.436710	11.399683	9.718218	9.816525	8.607122	10.666395	11.602210	9.406777	6.322310	6.147945	6.314293	6.930504	5.805555	3.785768	0.000000	3.784382	5.421836	8.456903	11.485653	13.089242	15.358697	13.953968	16.999580	20.646103	23.810736
22.607685	20.643520	21.793774	21.052467	20.905512	19.278833	21.807831	21.875601	21.877193	18.213799	17.206852	15.327053	12.922017	11.345263	10.730098	10.521396	11.973717	11.541287	14.248489	15.029700	16.499500	18.341887	18.550806	21.877176	20.859501	21.252962	21.789654	18.246450	16.232298	12.828330	11.154065	10.220599	8.749276	9.700623	9.595298	7.244640	4.928511	4.825833	5.398094	7.913839	7.644888	5.519885	3.784382	0.000000	3.782773	5.277322	8.209817	9.536327	12.194762	11.248455	14.661014	18.266130	21.546928
25.368242	23.062447	23.945934	22.723368	22.642677	20.873638	23.333097	23.096838	23.590475	19.928673	18.256258	15.921671	14.295394	12.012479	10.347601	8.842409	10.640774	11.335394	14.688149	16.247992	18.295820	20.652468	21.315670	24.816057	24.112034	24.597155	24.822382	21.273335	18.845863	15.374687	12.966463	11.424633	8.750493	8.697701	7.935667	4.669983	3.726659	6.342690	8.557212	10.981546	9.559335	6.187090	5.421836	3.782773	0.000000	3.785204	7.077332	9.789424	12.287973	12.186813	15.319231	19.047396	21.948730
25.770264	23.734932	25.125778	24.263672	24.670269	23.350643	26.114084	26.236372	26.649689	23.028528	21.654598	19.281364	17.347776	14.998471	13.775367	12.114892	13.238377	13.544620	16.688253	18.407312	19.959782	22.284286	22.456354	25.764717	24.708885	25.631493	26.266613	22.898407	20.761219	17.120255	14.885288	12.758018	10.249714	9.103889	6.965102	3.889891	5.122671	7.205349	9.358228	12.625575	11.887793	9.025236	8.456903	5.277322	3.785204	0.000000	3.784216	6.533831	9.489383	10.251047	13.577413	17.105274	20.027166
25.445011	23.445797	25.113018	24.378887	25.350796	24.542023	27.632706	28.156256	28.779978	25.313717	24.082144	21.421581	19.428156	16.753452	15.931035	14.060117	14.271145	14.247622	17.114607	19.196939	20.408781	22.922983	22.907312	26.092974	25.050789	26.500031	27.209553	24.121563	21.998297	18.236309	15.870206	13.053881	10.630578	8.397992	5.277271	4.225504	6.567320	8.185073	10.690318	14.298940	13.601192	11.120141	11.485653	8.209817	7.077332	3.784216	0.000000	3.784530	6.141546	7.893162	10.869882	14.172833	16.862036
23.582932	22.015783	24.177265	23.991980	25.290785	24.927990	28.220457	29.166924	29.531603	26.185074	25.471481	22.995451	20.528566	18.162489	18.054598	16.751974	16.564772	15.733043	17.993057	19.697575	20.208458	22.377136	21.777964	24.626934	23.237255	25.026918	26.131662	23.325365	21.645227	17.958569	16.135649	13.357945	11.884429	9.990184	7.486727	7.637694	8.840346	8.879045	10.443474	14.220325	14.356465	12.753103	13.089242	9.536327	9.789424	6.533831	3.784530	0.000000	3.784185	5.634130	8.872162	11.757093	14.791790
22.572048	20.898937	23.121540	22.935055	24.740032	24.860254	28.378069	29.675501	30.337120	27.229879	26.588966	23.842991	21.475832	18.842394	19.099291	17.747757	16.750385	15.595743	17.408554	19.404985	19.648157	22.032110	21.466768	24.209608	23.114059	25.346916	26.263962	23.790564	21.994205	18.342699	16.342299	13.101057	11.891790	9.492372	7.323729	9.179435	10.318974	10.076391	11.970132	15.533774	15.394647	14.151362	15.358697	12.194762	12.287973	9.489383	6.141546	3.784185	0.000000	3.785381	5.715962	8.356518	11.115231
18.845358	17.140160	19.413673	19.406187	21.255253	21.574888	25.164934	26.722460	27.284939	24.347313	24.048435	21.435610	18.819838	16.443907	17.359690	16.685392	15.377295	13.470607	14.712542	16.300512	16.161160	18.383974	17.717211	20.443722	19.460711	21.751751	22.580769	20.232166	18.502762	14.946076	13.212518	10.135923	9.861151	8.458606	7.851380	9.918638	9.616130	8.097925	9.462004	12.692810	12.812456	12.393084	13.953968	11.248455	12.186813	10.251047	7.893162	5.634130	3.785381	0.000000	3.785086	7.118804	10.518949
18.333849	16.537294	18.808096	18.805548	21.219120	22.092199	25.831018	27.728575	28.591192	25.967951	25.740585	22.933250	20.523542	17.986511	19.197208	18.490767	16.483290	14.352195	14.963522	16.784552	16.316753	18.694670	18.103018	20.602293	20.014462	22.719147	23.303192	21.401144	19.609100	16.284981	14.477270	11.184716	11.276015	9.616688	9.531199	12.488651	12.309874	10.889555	12.397520	15.137388	14.962670	14.856171	16.999580	14.661014	15.319231	13.577413	10.869882	8.872162	5.715962	3.785086	0.000000	3.784446	6.906005
18.516125	17.171352	19.740213	20.163538	22.998638	24.379114	28.177814	30.394094	31.233776	28.845335	28.875145	26.133482	23.672804	21.284904	22.743654	22.131748	19.907637	17.617134	17.733019	19.364887	18.366877	20.448446	19.493687	21.468122	20.836527	23.943150	24.684256	23.273684	21.822144	18.814135	17.390163	14.312425	14.818298	13.213041	13.080406	16.122757	16.092789	14.544858	15.670954	18.201067	18.315184	18.518923	20.646103	18.266130	19.047396	17.105274	14.172833	11.757093	8.356518	7.118804	3.784446	0.000000	3.786098
20.563116	19.140392	21.462152	21.711306	24.839117	26.484417	30.285192	32.604050	33.736729	31.532665	31.449263	28.523611	26.351517	23.767563	25.167854	24.331564	21.769426	19.655117	19.570904	21.487123	20.521858	22.761606	22.034386	23.855322	23.570097	26.816437	27.316168	26.154589	24.577522	21.713648	20.095959	16.904316	17.244944	15.321667	15.201945	18.577974	18.857542	17.671412	19.123693	21.531475	21.303652	21.399313	23.810736	21.546928	21.948730	20.027166	16.862036	14.791790	11.115231	10.518949	6.906005	3.786098	0.000000
